-0.28811417060410277
0.13604188175111526
-0.30895285596275984
-0.0811124776596761
-0.3340795267338304
-0.16382270962979462
0.09947732935010363
0.08665358780418958
0.2587847690010525
-0.2688682941207631
0.3425999091236908
-0.2117212196912571
-0.18336254465904311
0.04576970308234336
-0.2296095527605592
-0.1333429929975868
0.0027445993073493278
0.01862985438452137
-0.284500557996092
0.0035838856171975246
-0.08351468175787449
0.2813375443672507
0.04936676868591493
0.20405718353785673
0.24145250288756678
-0.1529194683770622
0.045464457218530256
0.3110135526466959
-0.3443899990316106
-0.0331839359369912
-0.16765752737978795
-0.060169831914797724
0.17137868424248257
-0.2082173233516179
0.0760596633883762
-0.18044214870237715
0.12882250818712998
0.14813507355529903
-0.08230815087843056
-0.32917333542144317
-0.1557118307675812
-0.032168499372462245
-0.045954238758629834
-0.1255676338848048
0.005123960343314103
-0.22129744030928036
0.2399403877796594
0.07417863201915822
0.05698342513944936
0.13716111667323266
0.1329789901951326
-0.3282658909515719
0.3764273351701883
0.003955439843566984
-0.44569636011648
0.10386578686130635
-0.03345345219109119
0.11280944938781065
0.12808005778913606
0.22388642041608536
0.021472691967077382
0.10601037689947466
0.2559928605199267
-0.2132948442331065
-0.10572347380060748
-0.145182067912855
0.17348385911665778
0.15047282270127293
0.08769885403951229
0.03574936614445411
0.07128922399724393
0.010928838910748665
-0.19699585458675364
0.1925846408494564
-0.28165902711859186
0.20865442311460108
-0.13327940678663386
0.21496489213847444
-0.2880978039244787
0.09660683865575284
-0.19680454292987623
-0.21523114497733753
-0.2668623092935907
-0.3466744112880076
-0.3923789038370051
0.06203811345134625
0.175656352560459
-0.0007559178800895713
-0.13254231573845957
0.14111536555841264
-0.3076667682215225
-0.1938011792264225
0.25635551874693535
0.2608870614087337
-0.2778268477369218
-0.01638818350887181
-0.36774320873320443
0.1864016101403821
0.056312594228570566
-0.14087390037151834
0.06512104477030921
0.40651098226011084
-0.11460662572532972
0.30056088927635893
-0.16223177805681582
0.07766552658180019
-0.04154910285233928
0.12808447043682944
-0.062056484184843407
-0.17703751879220744
0.07920814541476486
0.4021134614047788
-0.30610862519298637
0.035698896022129945
-0.18684813129600925
0.030145629715511164
-0.2751368443800411
-0.3483299939890099
-0.08738409426622844
-0.12003540704000848
0.1608905401531138
-0.04072279521299464
0.12071575564522576
-0.003021744097206659
-0.37428010986873617
-0.19123282552633422
-0.14386903183400196
0.1690509350866315
0.08735131736613364
0.1250238023521982
0.1939205999858543
0.10061249838296196
0.1197796120441217
-0.4300625886041485
-0.048096162828774956
-0.23094564229789963
0.31135130016650486
0.12131658482837544
0.2101010265364696
-0.319309841904197
-0.2867854804260401
0.04351240655247712
0.3852155999968602
-0.31304739449749236
0.016010189017160104
-0.27296098625334614
0.11018214384434143
-0.2002377884155715
-0.13667378558104315
0.017732932982573522
0.028619150496031264
-0.16824139093946047
-0.1939633985744327
-0.2654723968955468
-0.013417560172162375
-0.21321061600251046
0.21035609329789023
-0.007776837597339651
0.1056645994447053
-0.013913586533305024
-0.07508773561284447
-0.10264476761003424
-0.1905566704011624
-0.2376848698817959
-0.009510180975972836
-0.21109792475712166
0.061031054209481864
-0.06775120974404938
0.13425997542785859
0.24665057598885876
-0.062335717002642725
-0.39749999633895655
0.04993814132872767
0.014172566460243117
-0.0009003556246265082
-0.11018512619959205
0.18742766723292123
0.23489608043684754
-0.015429140075682385
-0.2258787583791003
0.07312523642717005
-0.20057579599897377
-0.34576908708251547
-0.2629730565011862
0.08119417829859588
-0.03570836240788207
-0.32852198213137945
0.07390334647890881
-0.31860033330885545
-0.10899346673016647
0.16968781112026168
0.21198790159620556
0.2437885834401427
0.13672613621733776
0.2637127347769438
0.18040672284848208
0.2650766770380702
-0.015500176262583622
-0.17792563497673383
-0.07412957739440532
0.13052870163959976
-0.38154195195711565
0.15450288864882972
-0.07493460898261352
0.24138991341137714
0.1316691090549861
-0.27933232192343205
-0.24093513511889894
-0.2623543653391606
-0.0958083508072502
0.3089013742841943
-0.2982654430347428
-0.308117296384309
-0.10380404466176543
0.18681061996004653
0.19873307896360445
0.1872984196232485
0.0030407277088619522
0.2054993437943729
0.2890148410718572
-0.2603586945744978
0.16159622521083541
0.05644309726502577
0.14919427220934992
0.18694296215017203
-0.32907529732163465
-0.067952961476032
0.2710295115048291
0.1478489432698615
-0.1016270599043044
0.07208467908036757
0.18166055318773797
-0.14809687551798947
0.15190833282378566
-0.2719532665550288
0.2661464069173109
-0.1962785477033461
0.29089326059993253
-0.13003472758996792
-0.10357907425015356
-0.16569081031539334
0.43584937486947456
-0.055135376161047044
-0.0615774188292595
-0.15860726724202812
-0.08171563582516582
-0.2660995618963928
-0.3199189690438494
-0.2639392495429458
-0.03394110944875309
-0.06376808010802977
0.11200980611892648
-0.38087757034844794
-0.2617662369956999
0.13799942056452735
0.3284038853874137
-0.33359679985510615
-0.0410395339420321
-0.19181388876406885
0.3665485868226585
0.0888612319530007
0.23340334760279752
0.17545063068894062
-0.10999835425102732
-0.050718886326817834
-0.356247888257036
-0.3958960944062902
0.03481381376082964
0.09223388869503632
-0.24698219337217414
-0.22041017570402663
-0.1415928686291285
0.13087671383407892
0.005775023664826172
-0.1740690830969495
0.08704266383897191
-0.32321605843269635
-0.3550435668151574
0.15790394354411005
-0.1347720846342144
-0.3276221192120547
0.08952200644833179
0.18792692601638053
-0.06262291173604637
0.17683916736412694
0.1816221192763727
-0.22209007300654884
0.18665243046875266
-0.18148513451993858
-0.16642445361438526
-0.08540664251183902
0.03549150560431111
0.2014767838502864
-0.1880874070525537
0.15583568586814472
0.048005236581408844
-0.05020998146445886
-0.3914286004545315
0.16431821737900001
0.012496608908360178
-0.1564217479774905
0.15222631174242857
0.17492111156181067
-0.023542288319273554
0.017801353820719602
0.12459118557119252
-0.2817997377673888
-0.46930004914085033
0.30166465672609055
0.18608903486355552
0.2315782453901993
-0.4343618973243916
-0.27617078638977993
-0.12026696262783729
0.02071889396430328
-0.2950407186032005
0.34932293198177866
-0.1691328713315686
-0.09098740738135996
0.04440885354215839
-0.15180968114796972
0.1624937514444902
-0.29465213461341483
-0.24405256808268166
-0.262125592159439
-0.18544112380164546
0.1790745466664657
0.3031317134871102
0.20592626436417888
-0.10334328695575727
0.2198296956936686
0.1540825602900561
0.09271072703327655
-0.14337350034040694
-0.4071225219778683
-0.10368693156887168
0.025437031141610708
-0.1653878373503895
-0.03226446981328906
-0.25675111922749855
0.04832215174217703
0.14408329343305465
0.13592344761575553
-0.18273713769357805
-0.15014036374122694
0.13431202912746937
-0.3605048488938122
-0.2961947523020132
0.20227931588440207
0.1568776948415766
0.1953061100599612
0.22340750338627882
0.08586885376229157
-0.4045416160366687
0.18357086138644108
0.10116680731008619
-0.27397402957704914
-0.21380361798589087
-0.2013811000197304
-0.17997703765332287
0.25061723192511676
0.0805198307532981
0.09613997484873674
0.0796625886787876
-0.027787429596695938
-0.33914164725969664
-0.28047221526846
0.0417189352874717
0.020738639529299028
0.12228615290637869
0.23506369054817444
0.15660464660974227
0.3139745052244148
-0.1289296589628558
-0.010599055316992173
0.10293802645487067
-0.09429000955947289
-0.1156619477503225
-0.2425736846493523
-0.1504253340099838
-0.18829805958872722
0.28464340528752313
-0.1071228058844575
0.07031110058142002
-0.303911952576212
0.11060971640143201
0.4046254898169753
-0.09044313354413919
0.11726603862420913
-0.14486547698619565
-0.3420291216608387
0.2720098222746983
-0.30327243579498486
-0.2690716318410759
0.2969378001221371
-0.05048577709756549
0.3720882790746576
0.20354188804029197
-0.3469353768479392
-0.04913999319133969
-0.016166573232012097
-0.0005637866971684334
-0.1106077350594202
-0.029314779245869883
0.2919501804208381
0.28629878870199066
-0.209864735437077
0.08192940381980379
-0.12769955634774482
-0.18416768523902893
-0.06317122255991198
-0.11848021888068819
0.09204240456374248
0.23367029573253173
-0.17591222033277024
0.36319916973383426
0.05196258341888139
-0.26582769298380526
-0.39382222340561296
-0.16902763775845867
-0.1963082364624045
0.11904535359132776
-0.028371009190917194
0.20027459596085467
-0.23758095944930088
-0.24169705925400858
-0.14608862355734406
-0.14788774171051572
-0.4279335597740859
0.2355430589571711
0.2869140349789958
-0.3509721857852372
0.2882546775939119
-0.10844971561270808
-0.2738306603061486
0.22325666318176685
0.11405133839004111
-0.3232514347388413
0.2306135394267371
0.27200243622690634
0.09264502736502593
-0.055361431190480224
0.02306042373507606
0.08418722987974449
-0.01698305443246367
-0.06126909881862237
0.2590528419934495
0.17589590678266662
0.24425880707710118
-0.2502999101022162
-0.340779414642922
-0.033832192988557316
-0.2541023342281185
0.25331376176297304
0.08611195255335241
0.22965772706568838
-0.12121178350659442
-0.1858624398653687
-0.054053414559556
-0.0920654063207555
0.21168475081263882
-0.21792866915316794
-0.06588762133369673
0.06967983735314941
0.08411181955607376
-0.012848698900395568
0.058182666231769965
-0.02464054877590971
-0.10945923634389668
0.013812179865450245
0.050860483483113034
0.19135581432846507
-0.16936949480741664
0.08634551794807797
-0.2546041057248833
0.33260803778273323
-0.2072461579585062
-0.04607010373817212
-0.2469658775284777
0.14325008302008116
-0.2777473067525657
0.029482802904399013
-0.18253016141314107
-0.11445954553801241
-0.1950860947852307
0.2901921857217771
0.16918493280099464
-0.12251271544110685
-0.21888490475214104
0.3501385624548572
-0.18132296325321315
0.3330709269308742
0.019810103090679487
0.2440440630093107
-0.0026473770169266383
-0.19249597191945034
0.16026139691170588
-0.015731752644074577
0.27186137574156605
-0.37102697567928733
0.16671299733013534
-0.28308417750063763
-0.36717739244677206
-0.28504775391269127
-0.09610400750989484
0.11828833166432294
0.24261560076784952
-0.028935288641882904
0.09184893496450923
0.27679661198134187
0.06114006617733884
-0.2488387890033789
0.19305466704105126
-0.2927389860555753
0.3159837840319458
-0.08894098854920071
-0.07137077097644577
-0.06141151693110356
0.1556311459069114
0.007360112828693785
-0.20761283955367402
0.08649651906069426
0.07368291837841408
0.10595653161564823
-0.10812381672045882
-0.21997095422784035
-0.16405073493818928
-0.2125280882749261
-0.12428181259095515
-0.07830626320011758
0.23016925030190918
0.1498658901123759
0.05878440903023992
-0.17197712530050507
0.23783123025478436
-0.20228012785786165
-0.09890358484407628
0.1767154711136081
0.24361667908046192
-0.2150221212077697
0.04776096663540364
-0.18656185427906455
-0.12266791147574717
-0.21479902345650234
0.24503767495090267
0.031183125852119138
-0.20357907176451204
-0.23340082904227416
0.17632828222100236
0.06396860457807302
0.16709085817842512
-0.2550057934762864
0.002058668350862073
0.11003333456513809
0.07727489299163359
-0.040704706727049296
0.16242414535908553
-0.19942834512905896
0.26394353769149254
0.22610139809291926
-0.010232651922305477
0.373145914415729
-0.14058045823719797
-0.2516215743749552
-0.062005635946754435
-0.07234789777129748
-0.05308283595912577
-0.24862109007263447
0.2701286421706537
-0.20923024805709056
-0.08025321194892089
0.0842619611674978
-0.4463894193796811
0.449932930829489
-0.12135530683383866
0.0980735568874117
-0.4221196128038148
0.3568898101428761
0.13803609829043462
-0.25153463961934486
-0.0621146924774477
0.03191433511322985
-0.41550687609683484
-0.15069397994516967
0.23895718130606572
-0.1667115052209489
-0.03623236557428864
-0.1713671656859134
0.15324031882155592
0.1359246643944507
-0.07169131995778252
-0.014564179129170072
0.040420941878727586
-0.21722755208583747
0.23991770744778573
-0.15372330964244305
-0.08191824320524574
-0.0011412931815842108
-0.08818325153684145
0.2026011777445452
-0.16451545738516754
0.07366575843556165
0.12322639195851827
-0.19793260954124797
0.10908222296409124
0.025639310538889695
0.13153094022703476
0.2230592961500193
-0.09919047163238004
0.26214694152036416
0.19725508154840524
0.21462787166508968
-0.4847572454091165
-0.07635553406807226
-0.3328969838450139
0.10588535733836
-0.13697787997926045
-0.11611921978365937
-0.17195490929486326
0.08922790185098468
0.09803249233990274
-0.15649838667727556
0.18073272636790913
-0.26802026402972745
0.17974464016078562
0.16065986196193804
-0.02594153763576491
0.12538453586355736
0.23664830497471528
-0.11497214419299315
0.12599492419119004
-0.07747859305577717
0.31824416140568557
-0.1869632671861335
-0.16975160423192062
-0.16886995290309337
0.36320310424889546
0.029654945576890683
0.027377614577406683
0.044175702353833536
-0.2393157082819407
-0.023275176117375763
-0.0030769706928972305
0.33824420071731176
0.005365222280462698
0.07038132611500719
-0.05050441635858139
0.17499100910887871
0.30012661853354217
0.19109077665840213
-0.21895206311076668
-0.2796442794529098
0.004563443144732482
0.1800154340465287
-0.1353200121395116
0.1134950644213667
-0.10757076208669508
-0.12372084714622171
-0.09568018747984043
0.010305637004685347
0.14439667688509383
-0.18999115969807964
0.039173354077416435
-0.1351350201456198
0.03873692062515395
0.1398064379063958
-0.2694897666619517
-0.12258376580874038
0.251796692325239
-0.07580553533939145
0.05097595409718503
-0.14897968650872437
-0.3336352698361075
0.1594353560062951
-0.11785957829083872
-0.07993546728067587
-0.35873685165894564
0.07960581047917956
0.06991650724498463
0.10538358450453138
-0.20879434524461934
-0.059297165568815736
0.040723340794233134
-0.21571287353836782
-0.024533848974172254
-0.055508632064393874
-0.30629355726933616
-0.007991526863614255
0.13507912704210429
0.08410187164778246
-0.19826004518487023
0.4009234009991602
-0.08571071994289887
-0.31948391306398016
-0.2727885700521535
0.03947736133777545
-0.06845965690049692
0.17525956847991062
0.036175159789934935
-0.046358538602583585
-0.384040874973606
-0.037938766244101974
-0.24537829393106406
-0.1533777113404506
-0.13277502350986484
0.09034018372818424
0.32728888042114374
0.10226897883417993
-0.005240380086621278
0.14260155143525563
-0.06650516194767458
-0.02186817905722581
0.21841065309715202
0.19301464377403812
0.007703565402823968
-0.19906291812943552
-0.26572657440482284
0.0832371064644531
-0.060584123732709556
0.12648925420567067
0.1901045912281331
-0.1346883603819164
0.08951271896571404
-0.14524914237550218
0.047697658110634325
-0.31948015232218685
0.18552055521991134
0.04474010394693293
0.06656943929571503
0.24767483250050523
-0.13029428654772637
0.05228642044751852
-0.18377476602177312
-0.08897918313870018
0.24074706499793333
0.22329144572339085
-0.09184389205886717
-0.14625929455933134
-0.21388335068457293
-0.35647273840754135
-0.12339457729683806
-0.3839592976407623
-0.31959006308427085
0.19754137846994338
-0.3469928072922816
-0.19905811168481358
-0.02552636711372801
0.04763766795888158
0.20200008141062686
0.1456645333163062
-0.2562678768933986
0.32281750652646474
0.023993228474823842
0.12437401296504624
0.05047571159370578
0.37819391900659577
-0.05297355620817483
0.08963730806012143
-0.2353515790522734
0.07006403649119512
-0.007601133964173953
0.035906488361926156
0.1463285630804531
-0.0066192424221643694
0.14944897869523568
0.19812972875823953
-0.13962841600876855
0.13608617308966503
-0.02464210425452677
-0.26461335565983574
0.06890655451604528
-0.05189095797751233
0.23382299099512113
0.18753910865958895
0.11789157659253048
0.40195977746041
-0.013248502174181087
-0.27082634360945673
-0.0897849261237821
0.11879841879094066
0.26565356762536807
0.08389548841605204
-0.11991347281424895
0.11486107129110214
0.1995867233294369
-0.3063723800429237
-0.38380692549861917
-0.18478537555434887
-0.034030788571472986
0.2805192209496461
-0.22979034578124072
-0.23224022940916222
-0.16504374304893735
0.19895398139131976
-0.1401344572041443
0.003248298256541768
-0.09190255704961196
0.18553123162643112
0.07520807762656398
-0.21865615990324158
-0.22874142268895883
0.2755901757599427
0.2865019242133583
-0.013982233120686095
0.10571201212694394
-0.31199539245344754
-0.10879151334449949
0.0043988645814127215
-0.017552042564404964
-0.3113362617106387
0.36244967637095693
0.18536369443324094
-0.1236550247307751
-0.4123419385885778
0.06950880469188957
-0.12719740830202847
0.019052986239512234
0.17868690057491093
-0.008530598271035424
-0.20172368482055442
-0.3459325540371777
-0.08974742011165521
-0.16168426088496238
0.05350228111994993
-0.15066847983124929
-0.3049213135414108
-0.2625214132482187
0.2899688846750308
-0.32459365148666125
0.12769928503022762
-0.1667965600466297
-0.04811278315490407
0.1285796973822636
-0.3022028090133788
0.014838051715973929
-0.25038458453274187
0.02452109219590525
0.003916485754928697
-0.049307981569030525
-0.010841394892389021
0.010047266928918335
-0.3282491336947044
0.14491232071209573
0.06436927813970465
-0.304145270213074
0.07656719656865478
-0.048249858818335115
-0.2060165683933606
0.21155577537522463
0.12735631400935854
-0.2010018785069936
-0.17573037276134088
-0.39378929692860504
-0.07452088353870728
0.15492521855767022
-0.07472524817562003
0.25323971091569736
-0.09723445531380313
-0.22859745760245614
-0.12263677387372858
-0.08686157129027812
-0.24113863652938544
0.18859644462922018
0.257365640233135
-0.1793687802886202
0.36044109143156733
-0.3496614450996375
-0.3113381711320162
-0.37239644939839933
-0.0166731362712067
-0.076301690785959
0.046173089188884006
-0.30741273071843156
-0.04338748754839861
-0.2178291732527917
-0.1115932015404133
0.10989792346755312
-0.14456667847074012
-0.2020731088124502
-0.05050978079588028
-0.20342578642873713
0.015261458796586575
0.10870464063766956
0.28469433725928744
0.1702436211347887
0.085909823572427
-0.06006117027013504
-0.06951199555773616
-0.02112082551293187
-0.21371636704820862
0.3137743313361298
-0.22942689445287762
0.0450458411403667
0.30963286816559327
-0.20162965362575233
-0.15893911050871692
-0.2932747443142658
-0.34094138434272264
0.04319158767897593
-0.30818857867536487
-0.364447512660284
0.19167364006906126
0.16374531971453765
-0.014563293064375739
0.048395528944377535
0.20126847091535754
-0.30233290781638555
-0.2789462292959905
0.20881374635211253
-0.24918189267417915
-0.32101551279772245
0.11735946124324695
0.20212643616255854
-0.008900733620103856
-0.09602261985754929
-0.380650358571365
-0.07514682948403663
-0.2494098218309881
-0.0548109242332617
-0.3335691191237677
0.08391370519210242
-0.3235019814987242
0.17453807071322078
-0.10069627210724881
0.0736647262709651
-0.06918767374177928
-0.07040250068881333
-0.3899254938408898
0.060784643401280425
-0.06813664157587165
-0.10132295365158811
-0.44960996394406993
-0.12240032316084287
0.19818017545724909
0.24961157363690287
-0.2659432583005115
0.10463783421773086
0.06575838037141633
0.12073659488553627
-0.2682463754223438
0.0024640430260073395
0.09612957848559987
-0.17314017175235558
-0.1284300832013478
-0.24083448472820415
0.19436586005829198
-0.21316235024876182
0.18027243793515682
0.12691487236811688
-0.3222685195597851
0.07715767264665846
0.17227143389981006
0.034759363661892195
-0.2231032495219782
0.2727246719511323
0.026075176180555854
-0.04351550912840919
0.04674836115133751
0.07437571444528515
0.16762869784328085
-0.3380670374203937
-0.33711802566956545
0.2009619767760479
-0.24173264433301508
-0.16767587050499771
0.07926535431116191
-0.1433515241453791
-0.14834492808805994
0.061457087324521556
0.10091555978109477
0.24453689564903847
-0.1879583262406596
-0.052490540765550125
0.34646627661473106
-0.060890180168278636
-0.10220375477798602
0.08078602103028212
0.0974810227259919
-0.13752389646303279
-0.4060435951800479
0.20680077182766735
-0.13714212303231169
0.1994720672124558
0.07930535527493857
0.18600986374644862
-0.3799005594328584
-0.17635908508055456
0.16113555948786198
-0.003925787203863048
0.3380638943273499
0.07624431468452382
-0.20685618417771293
-0.11777213411068273
0.1329201027112516
0.0638688555049245
-0.27579669201587104
0.02683762980031534
-0.14455698871708514
-0.30984993496426516
0.15910778443441215
-0.019919460916076787
-0.21365588326756316
-0.19280644362037216
0.06574924531928816
-0.18842376047566894
0.3297881214606622
-0.052701102696380495
0.08741312768320628
-0.06905690591696509
-0.07229168016114908
0.015965446791925002
-0.277685101691996
0.020602617126297504
-0.06634245862300787
0.20255547117975886
-0.22415389651569315
0.25063280127512827
-0.2687729816528968
0.072124475680186
-0.030588867130731407
-0.22043998961327618
-0.4092510503189651
0.15074254134017528
0.42685118934611527
-0.20125227822874966
-0.07779435037870598
-0.17096612954150012
0.046993034263265517
-0.24288098047163695
0.03524813371436981
0.1254802761244814
-0.05891335092353087
0.15549620082865062
0.17178078566389968
-0.15509140136674673
-0.07800519955634454
-0.19201012998883088
-0.06198619587970248
-0.025384263579570406
0.05489823261287927
0.028959639708725206
0.03765560924601087
-0.14976636128949264
-0.13863508652738094
-0.28234125693464696
-0.1671868195593183
0.08609276420469035
0.02160646741428749
0.21104056347914457
-0.17819934616234384
0.05929091864835797
0.19115196553779973
0.0021015729647144827
-0.07837942361958047
-0.24732079834049894
-0.06579827544270896
0.12794805217855346
0.04326786858950645
-0.3843570216159249
-0.12268375768839429
-0.34834778502894703
0.3285471355481826
-0.39316764407858035
0.24476867027761126
0.0965177442565843
-0.22628167106693894
0.1955470350236796
0.0741436552462558
0.12442475978134766
-0.14528405498531458
0.24488477345550438
0.13002585033342987
-0.033492426552450265
-0.0903986866428568
0.020767158797873074
0.18552733300477084
-0.13667173421764386
0.09859225911782428
0.13084031414740518
-0.18215000055046696
-0.033593412552867415
0.10027422957828035
0.23522335238428244
-0.06019870807983874
-0.3215377008068677
0.22949964092685032
0.007921362591605202
0.21967238855489524
0.29330797065024383
-0.1772811721294449
-0.036388449023632995
0.12033751959008171
0.3126337139654454
0.2687619330061856
-0.2236093342448902
0.0038791520768344675
-0.4010005741218307
0.07598923285245497
-0.16518133782864264
0.2152156064306324
0.2979284610905424
-0.18371993254748228
-0.14875941758918126
-0.186637337583706
-0.05006362728022518
-0.029095566985029304
0.24845906361947587
0.09616790661738259
-0.08833398367186883
-0.00028737029325137117
-0.016025752181427273
-0.01726491623722529
-0.07515771454037612
-0.22480817761957564
0.10086327730554082
-0.2528284781194324
-0.471952373502531
0.16021243241846245
-0.25760991957126816
-0.18209635018810422
-0.4860955285441962
0.41325454139826207
-0.051370992899810376
-0.1830999729141325
0.24033955681843316
-0.10983078926589172
-0.07541542895722404
0.01493956917472198
0.12690828035028284
0.1464385715453779
-0.09102154405293021
0.2544435728860051
-0.0729384640548929
0.09809372509623948
0.23779512425039523
-0.11071880191110156
0.29785429877822855
-0.3932502522657152
-0.38641063668135406
0.28533327336735786
0.16328662579352804
0.25113240307840373
0.2023184202860395
-0.17982650981750534
0.132776968461543
-0.19197395456173566
-0.2760260246282301
0.06494930971145804
0.049836452307852795
0.030547839525588545
-0.02660731231042684
0.004365654960458891
-0.06384673124496787
-0.015049019640652141
-0.2589798638145451
-0.01630631902637359
0.4435671817502118
0.1798950914746613
0.2007043681159855
0.1451963479077093
-0.22413512870126978
-0.2105294006881637
0.18286945107744534
0.05466859959924374
-0.4017295123334332
0.42824889023595797
0.09188366277031183
0.12793339377923682
-0.12224736754737296
0.15993797282653638
-0.18153883465039425
0.09421822492731134
0.2167819173712891
-0.09313685912040778
0.19900297248702117
-0.3460089035433963
0.30090399881138735
0.014062705478525388
-0.39083434097201813
0.16354078828325863
-0.0469975857552963
0.03095954398125811
0.23194146457550863
-0.11555638321462068
-0.018392900231565104
-0.09926995939066197
0.09453515714968096
-0.17900776153529904
-0.07250827813561066
0.2369788575989421
0.08919277810657907
0.15732299010483114
0.15869054441487396
-0.30541081217046295
-0.2534308483926043
-0.07746590732064834
0.2537237634233344
-0.25085999262120096
0.011166221231994098
0.03039488274389362
0.08783546035179368
-0.22307106369966917
0.24448225501457826
-0.013550898064779094
0.06462575779303778
-0.2580067631873187
-0.2920502715755946
0.0923204142662326
0.04856245749433987
0.22619409632312623
-0.1336139010439339
0.27825439465203505
-0.27400869768714203
-0.027969773719904112
0.097778931914414
-0.08835554315799385
-0.3539575510457778
0.0410801707630382
0.17025185456706904
0.07751132574083149
-0.018415202976647144
0.4250017912113459
-0.3167037494996461
-0.09187895022028392
-0.05784953577976931
0.16536929188034397
0.2145725947709882
-0.3530384788644519
-0.1710127254940819
-0.0028306422070721034
0.2049656981316558
-0.4159082072616517
-0.246064840356944
-0.07621907213577617
-0.0068957041352544724
0.031702217038836404
-0.025556156621275854
-0.10164653203372417
-0.31227627764185
0.09193510606443842
0.010148831598153734
0.3277733337670809
-0.02892927880110598
0.0872520501930721
-0.20822017653448158
-0.24106584254237093
-0.2444394139339839
0.08780392746047218
-0.13658018111540612
0.26413353316933724
0.026591207805363726
0.3431924484446
-0.19219327003131284
0.0419244382483237
0.26773951026270226
0.004588003843916543
0.15731026548569904
-0.20844928083415287
0.14356226322011117
-0.16835945164256944
0.3044105217136654
-0.16637080777908178
-0.01429304695806282
0.14351240936138512
-0.36065671465315285
-0.0013190572689559343
0.10515392252918115
0.047814022094560406
-0.11077145168307986
-0.022535893908464798
-0.2701031199036324
-0.2513824869386265
-0.1078266479142472
-0.3543512887664431
-0.011501645501000291
0.02459885240229363
0.05452669912164456
0.3895345165244609
-0.02774506970741582
0.2923732676095331
0.08300652812485435
0.19922706164178441
0.19193186868310028
-0.023372115924921614
-0.015019919765850364
0.052836177260442964
-0.0681897855464403
0.3101893332749104
-0.042245552661042116
-0.1881316952666035
0.02328841556532031
-0.2596068995207051
-0.15846697874943433
-0.1320155767624657
0.3342239584405106
-0.06669188558957351
0.0898107577193556
-0.10854148102912198
0.31971092085606106
-0.04648207826199602
0.28877081085168915
0.1385328407119119
0.22579586942387248
-0.012711579332285089
-0.1811370917516002
0.1234842245838954
-0.26564096703004136
-0.21726505933638993
0.0685195951720985
0.26953165189569
0.18867209619411082
0.08311177911704525
-0.16395189066080101
-0.19182023446261662
0.20483217071679713
0.13156125857937062
-0.13929552168417278
-0.09612366375570477
-0.24049696127418685
-0.3984426930361617
-0.013030485661694687
-0.28211888862837303
-0.014038834521047648
0.2010779214905078
-0.08077378449870161
-0.04142413861491946
0.032852784106843294
0.28292414501596014
-0.06321169465945874
-0.12697935735473975
-0.1580079400935201
0.19863562661710651
-0.37255745457251144
-0.05489138773771457
0.3148098201066613
-0.12030890396106511
0.03291204351333167
-0.3541145801367836
-0.2528229603036171
0.09176767347838839
-0.07330800853302263
0.22177737591058383
-0.07777369468665998
0.053708436965895466
-0.22128999103938138
-0.2636579782819836
0.0979016132869339
-0.2637231970764589
-0.049171215489526736
0.12830767703031515
-0.2062829468629916
0.10429004980506965
0.1921473823570118
-0.3385188346451941
0.29706840242558763
-0.13862112896101236
-0.0673678815666486
0.08074660997041155
0.1072183551032704
0.06065027313740334
0.2485248522710844
0.21720955322992683
-0.03763421336306613
-0.11062409185061088
0.13296171551502245
0.3877719183907312
-0.1836004460696126
-0.31802054571910443
-0.05547601317392833
-0.06316792690058462
-0.2454316578661938
0.08399946123450047
-0.06776258422181676
0.20201619851380664
-0.18973953339665295
-0.2993763232638603
0.2516917713504303
0.08140313164913476
0.06663924230366526
0.23694358723408623
-0.24645959813169854
-0.09801047986630253
-0.02832277265242537
-0.19405183147126306
-0.00299687486294837
-0.32052119440366966
-0.008925613671851244
-0.32329118594114875
0.24386109098531272
0.0915522557996223
0.04164863079892492
-0.17276349844742256
-0.1588958601358639
-0.16470964001623667
-0.13756608459380903
0.07511245083863415
0.04090859702550117
-0.3721191642770261
-0.09368743086066078
0.25868439231965257
0.06158167297235458
0.012508969865851248
-0.06136575210119472
-0.07019325700069255
-0.341625433601332
-0.04483891509516436
0.0015428884554805062
0.22308825420104664
-0.283275906043305
0.20278029991802615
0.27497640575116644
-0.25624858149670726
-0.20692124124948405
0.2214871817173683
0.2869120441921308
-0.056535039032825175
-0.29296841152314046
-0.27706232716307316
0.11812203908994233
-0.31042329597233104
0.1839563611631057
0.0513124252075146
0.003972623792084837
-0.06795694256724132
0.2045190727256716
-0.2244372761257766
0.17131328454210823
-0.13534848467321323
-0.033975174881489476
-0.26013047414418133
-0.06685402270588925
0.10835304065391645
0.05124749860952471
0.10608555315244597
0.007996312682271129
-0.04725457267692717
0.12182442911025469
0.229612470310935
0.010315266109715868
-0.03111017198417638
0.12347124226757822
0.08848943924544656
0.1605678111452825
-0.09428450990423572
0.28367559329604775
-0.35777519259386
0.17351420535622455
0.19539727514255512
-0.2316160435151004
0.12616001341875024
-0.2667432107095558
-0.04974282225186292
0.10384618992936887
-0.07664676975097248
0.05529890786792205
0.22947572342476935
0.41528629437226
0.0744604303892147
0.043123737134917094
0.14631021068212008
-0.18975330592844003
0.20209101225224899
-0.07662413186164976
-0.23900676379755464
0.04953038712308031
0.1391576206498393
-0.02631581797140387
0.267965743780818
-0.05477016355133254
0.2689027058478764
0.10479169031699194
0.031192940087106085
0.2881979271849565
-0.14765015516783
0.12082280800068852
-0.14767789207920518
0.06552949052292889
-0.014628989454856505
0.07104637822270907
-0.1525581010362551
-0.16274835493105141
0.04677142810626994
-0.37389719296182866
0.3095979252561116
0.18384174443340573
-0.09865876217983567
0.12636978938876964
0.11120899029348935
-0.049857552656901075
-0.21324507941709842
0.05096435476507963
-0.04478321460675615
-0.06525713938904837
0.38670532506417543
-0.012875236404721869
0.20908430934179062
0.06649619088151736
0.2280540850645594
-0.24955657997988825
-0.04763493074574393
-0.37002683415476006
0.1312314784588043
-0.23862149916992456
0.04195156963910575
-0.19008812248077891
-0.08116765697286495
0.015637819225637978
0.08933248828320765
0.07542262867318891
-0.368259675826257
0.23026487702585066
-0.263793956392598
0.08047473475095711
0.25546129603748713
-0.18785119258795588
-0.04775604455233276
-0.2306170878499029
-0.29281648543970834
0.2117766999047656
-0.20176062138097897
0.023848070480820407
-0.26894315764503923
0.13679973099036394
0.053549075481540837
0.22161012157078722
0.3789091765306363
0.2816398283939026
0.05372307987260365
-0.12377620042349603
-0.22105184684988366
0.30132688867149315
-0.19823607584800482
-0.15222235918985155
-0.17646417609114012
0.11061581757394852
-0.02613435307518076
0.24047629771015266
-0.06909498773883317
-0.11412645915303246
0.06107124712777857
0.03487188531160521
-0.011357144795582542
0.02315223831969398
-0.08100371190996226
0.1111408129236433
0.09441339799003129
-0.13950066742267
-0.2630961597681858
-0.28813040012695484
0.29986911556186713
0.0748024850636425
-0.30342121126300997
0.254471835872039
0.13418402737641047
0.31193759692532647
-0.12361249202794923
-0.003046653784077919
0.2704239444288322
-0.21493159690587113
-0.1647564573198154
-0.2563256861446632
0.13715361095884
-0.09288670814643642
-0.13008170213435782
-0.09742806579983772
-0.2655068742389051
0.2962127246805888
-0.09927019279968842
0.15468898017479402
0.11068338611818473
-0.12994986155897092
0.013368092941914019
-0.13383381569704816
-0.03083690696745454
0.24646221453971773
-0.18196761036783102
0.18043582497731137
0.17020648804317795
-0.2448976795670783
0.11312286966121612
0.00019948339625101047
-0.20238020777342378
-0.044310495239898454
-0.31052207127089515
0.18021371157183008
0.18443902662582842
0.18878296507523135
-0.38854560041848746
0.31883873607001334
0.10795772498589318
-0.2044664962708946
-0.3123136320055087
-0.036438678758187
-0.28469061747852953
0.18271008198701905
-0.18635613241300186
0.005168656823980743
0.3361882811739759
-0.328193844887857
0.42320859101496755
-0.4150530658942098
0.056206512668990766
0.35741803684691903
0.1447340566352832
0.3905810261648311
-0.07202288412650383
0.21813688209232399
-0.1627938274541746
-0.07414880880557091
-0.12195709412624761
0.2122443117164235
0.1442842252993583
-0.4142889513903684
-0.10072361702076793
0.04259787686961691
-0.31242923524795824
0.169648873660486
-0.12875494711794533
-0.16531528605505907
0.02429656283672487
-0.009442695129999344
-0.14442612282732997
0.3931250759070962
-0.12684520776276081
0.059159426741546256
-0.13585315421108551
0.12448259665035113
0.0629962625648438
-0.22155402462650417
-0.2597319593248534
0.14656451152750508
-0.08900845299600248
0.11615943369454639
-0.18588257000089203
0.31615644543500754
-0.03509680623045315
0.17263379212226518
0.13193547578632692
0.3820111769867833
0.2254815445984592
0.004172570820929665
0.05310126140527473
0.17491718559794422
0.06171250137428216
0.08163536179203972
-0.12652522301325844
-0.2595183614981796
0.19955159876842718
0.25486585617055624
-0.13866424385891882
0.08682163913635475
0.057374508473671725
-0.02674097493639359
0.10931734991277439
-0.04831519661881474
0.03659305767780325
0.18386869020168517
-0.30375232110950384
0.0726575013390408
0.26951383346419766
-0.09677515540371674
0.0200811833953353
0.07529839992814805
-0.16748304321706817
-0.16878576322636318
0.15952913489146897
-0.18814682237457958
-0.1600106542822755
-0.3518298067331193
0.2297940079505531
0.2802598858602007
0.2956474985947455
-0.20098200861754834
-0.15338410167569827
-0.15602415075471254
0.09712973485690413
0.16549376943536323
0.028303264785175045
-0.2651692035118332
-0.06727184061704608
-0.20571119816562544
0.20599002996618343
0.2542972422173161
-0.3228040582298422
-0.17186661482343693
0.01399368374265582
0.147585224272393
-0.10099176667956655
-0.04188824570792625
-0.007871037192061494
-0.347750175946324
-0.06620068034271133
-0.07828964284100408
0.14424494904214638
0.21945375814760432
-0.22051878984076292
-0.24832310551141262
-0.23675616378174796
-0.29006010859607506
0.025816005334877913
-0.01566869301310256
0.17274461013734313
-0.13722386016577345
-0.045786547904016
0.17614849880488717
-0.32249663640310683
0.0854626767547111
0.057488486947722
0.11883126825381095
-0.3381558853733388
-0.11380658027724748
-0.19097980637126252
-0.16423797102440785
0.11443499471295793
-0.31347458015474555
0.3524106485579534
-0.03268243624187527
-0.27715708840771625
0.1855230989104681
-0.13088732471063735
0.06884910190777245
-0.04322741888561423
-0.2729415565851429
0.1950353140766975
-0.16959327814847647
0.132081102153282
-0.32653278791284396
-0.264590654113887
-0.31689875433453013
0.26642270022629255
-0.17319255884463447
-0.05081269626438214
-0.24509977861647889
0.0528731698714337
-0.1812119691849277
0.19225686637015518
-0.24802249384137864
0.0822574924970693
0.27951449732291145
-0.28454991342530706
0.18670585277127977
-0.2824368307531424
0.05801773945576434
0.06601122849297837
-0.3364243209996689
0.1811496655392958
-0.32202128544486835
-0.30456160986660796
0.16495418616618476
0.23334528205452165
-0.46973958144197037
0.18789260237957003
-0.1955793141060195
0.04247176901848655
-0.054218013162278374
-0.2560699810678033
-0.00399138391129808
0.24828318914111644
0.40684577123792026
-0.2495575960191987
0.2460371391351065
0.08820716127348167
0.07592071663940834
0.04306954937870531
-0.04674508842164096
-0.3093860424473623
0.3264502949907392
-0.19793552978928952
0.18180859986507086
0.02130037680130068
-0.21760276315493804
-0.2598636250195194
0.26020732597100943
0.00608641961141202
0.38023223130718875
-0.20523523810800168
0.03459578630484092
-0.44510250198896123
-0.20836715962704927
0.15216774515976034
0.026058651100512274
-0.30072838323940027
-0.028610567008465242
0.025168622020566103
-0.09577935739479009
0.23063960600128955
0.04222378876978143
0.020683838916763633
0.0857278721216471
0.12301201447712357
0.06505412218409544
-0.07512451471483794
0.07645900371498605
-0.03617416863530651
-0.13757017924964585
-0.23268027079819129
0.06285727575695216
0.04492454237537319
0.09894025907664969
0.05427051259313029
0.2846901936523784
-0.21152746471371395
0.07850324089715599
-0.14606955152366705
-0.4648943507315434
0.2097573628066506
0.12466604764549698
-0.018016271733113112
-0.12711327582311047
-0.1044216991309802
-0.42066473831231516
-0.28036465436074737
0.12816073809707534
-0.023764504320137655
-0.0620455745509131
0.08262379757618057
-0.014287471051232056
0.2257531932718064
-0.29083515009746796
-0.2891757328453292
0.032504318627375704
0.04209733145250741
0.10444193510643927
-0.10193740233856083
-0.042250785793120416
-0.14087864474588055
0.28392747595275664
-0.15090396017525842
-0.10021971071496416
0.10176372744373212
0.04117062944614752
0.087721882591007
0.06362344508999339
-0.02863601221038909
-0.23374599698690132
0.139738341288428
0.06952906126477953
-0.1411635348399605
0.1381962639635204
-0.061118381674059384
-0.005925362225951606
-0.20956948117002458
0.32066610103635784
0.2310494780224363
0.05086076785590841
-0.15797015189810779
-0.2509734063655743
-0.18894246565359485
-0.12269683681861547
0.053395804586461884
0.06245459393613169
0.28892333749299326
-0.1790366069251856
-0.15772158036857362
-0.07327431669377718
-0.024644603463414155
0.059610425629176365
0.2153860016338257
-0.2867168201415958
-0.02071239699523574
-0.28926814712888266
0.2555061364142219
-0.1280461674438061
-0.1903710889479281
-0.35047299554034145
-0.08371997882329976
0.16500984942934419
0.1003674386543247
-0.16179757533110617
0.18552750108016774
-0.09878607824140236
-0.18353756407085847
0.24838119212532267
0.3723901528739463
0.21371934314069216
-0.1639927590869579
0.1726000653343378
-0.2612990345852051
-0.16996496592127008
0.3489518707064561
-0.09634647650900892
0.023649007585506993
0.19759296276349103
0.2262493690606751
-0.26098906201579974
-0.1478762058999287
0.14209669792846702
-0.2957180757926646
-0.055854980272863314
-0.1973103632997931
0.2660631274555162
-0.204956785434009
0.17102845858942362
0.20542474337249328
0.08439913020794115
0.06738132336024916
-0.40333437679778184
0.07992199569222627
-0.19234650136692363
0.20479641025345324
-0.3839821704317667
0.0013840543723001315
-0.3066111450130822
0.0788617009751058
0.09421115644790637
-0.019174615205881967
0.023188875010285607
-0.19447086705182368
0.05184048755322144
0.06245290950273056
-0.057034733903851074
0.07660993255421637
-0.1010352159220789
-0.010707582988747313
-0.06681455655624434
-0.15748510408452687
-0.04143760102487601
0.10927270575280623
0.28097198001272694
0.25069429470038485
0.03311610798202288
0.02785406630136928
0.3067530585510337
-0.12659527474481108
-0.04055823856980164
-0.016862887952233917
-0.15067642693376765
-0.03396728943761439
-0.09551935089811765
-0.3254629443113365
-0.17094259774435278
-0.24071893001544067
0.12037598134558126
-0.06972538532156568
-0.380893605783987
0.18969713426984386
-0.001006133584986689
-0.18913793880965524
-0.12061142153493679
-0.21137713000476271
-0.2652646821627089
0.17746108937612554
-0.12316086209041058
0.2165914647974608
-0.03715494517076332
-0.23513725055066342
-0.23096799766596396
-0.14632416150324687
0.30384818437615674
-0.2915368045486867
-0.054983054695747074
-0.23069364148758847
-0.08463899235211247
-0.24074595847170735
0.281617473053527
0.08986097229396542
0.23340549712489708
0.12348240129774811
-0.008560763926143475
-0.18232791343515414
0.003770675023962492
-0.1286887496041063
0.30963079442859265
-0.4428987694897418
-0.06152267304258522
-0.27498495297165193
-0.11058140604378797
0.14470657588454658
-0.14370714701606355
-0.11808354083930937
0.07841695663905941
0.19406831212908587
-0.18273207711645534
0.18237310542044405
-0.24014400049555684
-0.02980122042858172
-0.36993149573796896
0.07301800940098187
0.02992879784307697
-0.39940508589038715
0.30341060119853125
0.031495632710374984
-0.3755553012990516
-0.06554279764361429
0.15425017398400925
0.019704107327593208
0.285372304082271
-0.31499784820280013
-0.10509362249125931
-0.37460448082840014
-0.1400997502455942
0.06995947672701948
0.1689378640332631
-0.3092507645927337
-0.2540280451929044
0.32048652612493583
0.11833586486167932
0.22999266764132273
0.011212095074662021
0.044293069841930495
0.10214010207247765
-0.03521889073339331
0.14178796161390134
0.09140363321227192
-0.13711851796952187
-0.12917979402196056
-0.14028937006225828
-0.11470403441822215
0.2604786015829966
-0.16180443657666915
0.15779632009088915
0.2101138272333676
0.210392782833541
-0.2779238910716681
0.2467106999441959
0.08099452149239711
0.25189108534673943
-0.0032935334207164586
0.06128519370361622
-0.11716633577147677
-0.14762954013753385
0.4056934179387756
0.1287968025202135
-0.15265234485728227
0.15818737255499965
-0.016673131047047745
-0.2308511874198483
0.2670899805312532
-0.1818622187596525
-0.19999873645720914
0.16265920046492113
0.004317770832706484
0.24738511715590994
-0.1332477002336843
0.20712364770610484
-0.06877120693438711
-0.006515949394145124
-0.02499982729737195
-0.36228912911708583
0.07637743668846621
0.10948976382080054
0.0972611579153144
0.0740078966884562
0.36615119330566087
-0.08355415238447302
-0.07582252562531523
0.015910134199094497
0.010113146076873514
-0.08525089386317103
-0.07768603238164722
-0.34768649933418166
-0.21463684071378442
-0.1447518878711943
0.08961100588113768
-0.0682495649875509
0.329757932910652
0.2706359049023731
-0.08746920248753243
0.2212242766660425
-0.2800318518867428
-0.017106261260444632
0.08888736514426764
0.10238024291067813
-0.34437081376231304
0.013646329682158518
0.009936336169788094
0.05789175119236231
0.13271726876785112
0.324925251232515
-0.31343102056647953
-0.23044950744665724
0.38910902601567504
0.287577813384384
0.3224835565943605
-0.2893513454452421
0.10802104268087168
0.02967386997768097
-0.3758244788562976
-0.08698673355516513
-0.043490226966013554
-0.48024474599115874
0.19244067816397828
-0.17356573728598662
-0.1315982322079152
-0.15398467561893167
0.3025150806071892
-0.18231869309714452
-0.21463350108655388
-0.015948736115419478
-0.20334980374530415
0.0778894955525556
0.2625711637582729
-0.2903730366701809
0.02450845226655454
0.2406893022471648
0.06941339628039714
-0.1559546558869372
-0.03619153293882347
0.1688971785054738
-0.0675216864732379
0.20391901067319268
-0.14737753625147082
-0.024070571551016783
-0.18243993157809985
0.1041166858500427
0.2995468240526135
-0.2127452025899581
-0.17157029341321922
-0.1951401940425045
0.1313450968340532
-0.010750351265036262
-0.013247301451944153
0.12578647845617577
0.12427839974239056
0.03131600180115145
0.24979529048524982
-0.016495192329825832
0.09362563035391927
0.06074043822647081
0.10534408326075372
0.07454505543712028
0.06305331689878947
0.10061317777821688
0.3046395978225641
-0.32933948867946294
-0.11480550304884711
-0.062923043302883
0.09004314100352118
0.018420082537345173
-0.11193687168707438
0.08004626310976044
0.012846225360683696
0.06282375015188041
0.1437533811488133
-0.13770829383182823
-0.08275065532478304
0.24931806011671812
-0.11963570013398145
-0.10653758442556586
-0.026502592583652278
-0.12418708727975812
0.06771178328649846
0.10117605438067781
0.14891985109840025
0.30572161587107494
0.10050637533548937
0.046007325760565654
0.031053676095888404
0.13549105967029149
0.14685474002087248
0.14785574773788493
-0.01021723716705237
-0.3093275671983729
0.17769167329090232
0.09203935393849781
-0.09220533993629418
-0.31155270013285075
-0.32651020573534034
-0.24878887521067178
0.1486212232110781
0.16847820850874964
-0.2766537815165983
-0.3493648783309988
0.00039043861681472593
-0.05096248972646824
0.3191793745432672
0.0003260224440750524
0.20763898490473195
-0.10764078038407245
-0.22695798629315536
0.1914608664810564
0.04776456287834782
-0.003365038556716459
-0.12666941538695875
-0.04124034150277704
-0.3515121010473181
0.21024860222037628
-0.25813502232708396
-0.14161090517053204
-0.3093745179888057
0.32658763740834396
-0.3931831789832613
0.17225755668224138
-0.1195620259630468
-0.38052395107546005
-0.09049920845803343
0.1315903592771118
-0.02362792902818673
0.09325418297020414
0.057910501372248034
0.19056382897181234
0.1618206701152255
-0.2702893162153824
-0.13766624545183873
-0.26694278046002323
-0.25129499611125217
-0.023101692906190508
-0.21957643748442912
0.09799578903284285
0.07773031185993905
-0.038674908786403686
0.01208638675042268
-0.15114116627343877
0.09173596875234119
0.1783051240761405
-0.07954260287297701
-0.04980272573077628
-0.13735337593819794
0.1481414067952757
0.17573409317396352
-0.18929314692154864
-0.058509577607943244
-0.4873969821739508
0.21987378847799033
-0.012889357514058295
0.07238356120161298
0.08774574383527423
-0.2550423620238857
-0.24919373863383784
0.12518334513068063
-0.08922942798063514
0.11372299446854739
-0.0362434156115264
-0.0265183307681569
-0.0640546266058088
0.09503530081712686
0.02456763602136044
-0.1514451949659163
0.019156270047613194
-0.17638440719186654
0.03444178492527025
0.21875065277747857
0.10934383726410167
-0.19171224562151631
-0.2941960861857184
-0.11064283312878208
-0.07173415671502416
-0.0011700768670235358
-0.33375961263643983
-0.06194871428017937
0.3520121007570651
0.20498444675287977
0.1197470392028248
-0.21719261749306656
-0.12704270457917244
0.13346367043601493
-0.05457106130857081
0.1430687424728701
-0.18876490219141637
-0.2297269245365052
-0.05735047225735702
-0.08092901547176953
0.07932807727290056
-0.1817389905830895
-0.034278966338295185
0.26168630171600116
-0.15729645238382872
-0.22031553604648763
0.2414380987570071
-0.29252850574367
-0.26612987779685476
0.005183158235443335
0.1521692977936124
0.09856202362870375
0.31555996797547053
-0.18602810222893743
0.027791196716113707
0.020238831318032363
0.34062769629386036
-0.22991133923679194
0.09604107929873873
-0.06894854687740218
-0.01983846828064487
0.24254268845859903
-0.32775247835122656
-0.22195703280149254
0.13825722905010018
0.1875417859002756
0.011775635002737594
-0.1735056699624393
0.366624962119177
0.16760696462578145
0.21474138836269194
-0.033582021797130004
-0.43748263367154333
0.19262158359598205
-0.26609726358210295
0.06310115065434795
-0.07771337445579853
-0.09010048088563993
-0.33996997819185454
-0.020591075242490004
-0.3473953039786807
-0.1716841688953978
-0.15177440168526243
0.20347411368278787
0.2896803919244423
0.28721890371225905
0.14352873423525064
0.13313015730630784
-0.025355950589850594
0.12725789035313495
0.01779081572298033
-0.3574325571592145
0.029388749212423723
0.02997626426305836
0.0418791559355414
0.09122387594173142
-0.08551873326043384
0.22011912619285384
-0.34675535636946203
-0.2885033028399208
-0.048925564006869746
-0.2617179204548963
-0.07436772120575855
-0.14088163846439303
0.12976297310682894
0.1550209450229228
0.2343060822052979
0.030934313205195185
0.14241186966802472
-0.2249271608201655
-0.3291346393307415
-0.016513370462309093
0.1296260736575587
0.02348985109116321
-0.2524072026764134
0.036127536302091076
0.040802457571412994
0.006062856147936319
-0.10365172013668078
-0.3307931256304596
0.24942636399695728
0.10953354830036617
-0.07259351114175715
-0.019095754276094935
0.12498433048792058
-0.013161731470712205
-0.38720401957674644
-0.2108021578450138
-0.30116237198623863
0.22576799748027546
0.11997636108640322
-0.08073277087198054
-0.04477079763050597
-0.17722291707668436
0.18554898054942767
0.13839624883328272
-0.08336786405258474
-0.36102914197628405
0.07462503719597906
-0.26114225694494775
-0.16960293200594043
0.31695251467686636
0.09328710684394806
-0.05942560660173761
-0.24051020689958227
-0.07354048569214544
0.1433987770396256
-0.21295087891097067
0.054506277717391693
-0.16095596200400428
0.03272282890915411
0.06328242314280273
0.36127152289370934
-0.38352648363153224
-0.14801759581493343
0.09341406250204204
0.14256281219541805
0.11150174588421068
-0.18062259980682394
-0.24120820407177648
-0.14251085418400625
0.08544986291148023
0.10908342325119676
0.14953093221705177
0.2749007763520934
0.13449090040976971
0.15209877556525672
-0.20642966135566745
-0.13700216759904535
0.2180905411871303
0.05569244952426777
0.1688348331811578
-0.09921828476096216
-0.29639026770991733
-0.14771491711733087
0.17942860269219885
-0.05126189447103015
0.24630692103618237
0.1528860733639668
0.05043955230643119
0.15497504468666143
0.2890440974679157
0.2870817527803137
0.07206748697353141
-0.2415460502558494
0.06410372450147643
-0.06647269278685178
0.003002937997363217
-0.040018273542481504
-0.37115645372148687
0.12357225880080483
-0.013549771493689144
0.13310271487202552
-0.1923264082616306
-0.08204512955629506
-0.14179316802775555
0.25729818478840244
-0.32282787779942895
-0.1629898181927573
-0.22824149351088407
0.0798117948765823
-0.07263880006294512
0.08041689336717045
0.019130234089957267
0.2142646848112879
0.2779614931321864
-0.272641477635031
-0.2691521636628609
-0.13621737211751656
0.3258809813798613
-0.12105368081304217
-0.2620562206326975
0.08900040104417209
-0.11290137723187857
-0.29602107216793844
-0.22832833821704449
0.4124613502495051
0.0247418643916276
0.1490587097523231
0.024436673322376392
0.04901894112889721
0.07138546942440863
-0.32458401264457937
-0.0035378677785028127
-0.22348957216772902
-0.0038284476224861837
0.10192788814832333
-0.279629748893232
-0.09719527542954011
-0.3050209173795196
0.15855535982022675
-0.19194096886724898
-0.1843045769226083
0.20819644248181177
-0.15961650433482033
-0.10672339369031693
0.19684398610007545
-0.31185557915074863
0.2085951855442047
-0.1807911098442457
-0.19699635831167828
0.25119504937447745
0.3457174370790063
0.1424287890937994
-0.0698277978068588
0.10518080205749501
0.046835586024254645
-0.16470506265854332
0.15346270923260102
-0.011740100042814587
-0.34460843840977307
0.08773652578423025
0.3021138905273709
-0.31096736782609125
0.059686261678804906
-0.3384716054643834
-0.28033390747443043
-0.050795207234003575
-0.18824252008515435
-0.1672714636756149
0.1043017527079637
0.02804340151811075
-0.1299678686037229
0.13200262174165667
-0.10294304444054612
0.027805660876263686
0.054036235285026914
0.10752522996855132
0.09986472698666807
-0.2850544145563806
-0.12691693452881425
0.01898788019723416
-0.23697036766700644
0.06100428258945519
0.12729216253379555
0.31772561170098634
-0.07674193795963029
-0.11953474776921633
-0.09997297605468147
0.10085604568425052
0.07074424333139137
0.11944118345045714
0.09168069333525601
0.217983504564021
0.2574644098718486
-0.23386780203525873
-0.020329081144303134
0.0767305097425409
