-0.285866924274441
0.1275570608277702
-0.29563826769048474
-0.08067201645005563
-0.3341427815754356
-0.1636403563510612
0.09464264360208866
0.0799579555688548
0.24941599757351182
-0.26519148332455694
0.33110707152927993
-0.21304024264309335
-0.18968480178897293
0.042428718252620116
-0.2356912004696929
-0.1257223837642277
0.010513522404712377
0.01568509889585649
-0.2761333180922544
0.005280565401829741
-0.07743821559858202
0.293620269028228
0.03569786654049509
0.19830120711071514
0.23756705614210716
-0.14078134277152962
0.046725237306581
0.31605081332676344
-0.34324038835967796
-0.03074715768446461
-0.15749806054136217
-0.056420302413433286
0.17483276535695044
-0.2077271497081533
0.0839398877731796
-0.17811758350109713
0.12495566659680023
0.15249197956156507
-0.07964904142454726
-0.3306147963067574
-0.14950323554660763
-0.04476385832592284
-0.05188603387927697
-0.12678329752338674
-0.0036159001212185283
-0.19877718738144884
0.24443045927844495
0.06815521092817062
0.06655974141984605
0.13991727776520524
0.12990098449710863
-0.3253846737814966
0.3698164770625503
0.011910892803660984
-0.4318341220219224
0.10151551592503302
-0.03525839814636148
0.10943512378271682
0.1150333144395597
0.2249125708308419
0.018716916640312983
0.09761714691902569
0.255071371607802
-0.20437163851967452
-0.11088208694553923
-0.13915696254461524
0.17789706440046432
0.14486900542281314
0.0799305069394367
0.03372989618233553
0.07046529711994827
0.02512091412997251
-0.17078546627951077
0.1844541829375862
-0.28323854265379494
0.204551258165242
-0.13729140239206414
0.20173879661267027
-0.291015201883919
0.09665276467537419
-0.19675235242593866
-0.2025571715037531
-0.28588934558556395
-0.3417959370906774
-0.38859211555120676
0.04819310897073751
0.17638840031220304
0.0102533023320017
-0.14256010688442622
0.13567195034334803
-0.30387551408663915
-0.18720181669260647
0.23957865782151092
0.2568500570139609
-0.26562688025345427
-0.017299341163056026
-0.36375945547826355
0.18010021545216487
0.05488780629262712
-0.14229627586361998
0.07071766628124634
0.40933575574634407
-0.11111883131646466
0.2929518772203503
-0.1675494776175232
0.0773178337875939
-0.04683361995511226
0.1306868589537202
-0.06516954707587587
-0.17430089736482404
0.07591554195653576
0.38943798328763696
-0.2926522080659286
0.038809917389180736
-0.18845182507366878
0.03403854127611842
-0.273270488821742
-0.34322190220615884
-0.08821986834950164
-0.12984822663035162
0.16539382056015395
-0.05590900989675457
0.0997618563662187
-0.010061683782697744
-0.36414923520268394
-0.19125667736501578
-0.13954950148902398
0.16603486679318724
0.09348671986461647
0.12949528247813974
0.19732608385556363
0.09701382345178605
0.1081629729491236
-0.4171491667035507
-0.03803055611469179
-0.21726738213938285
0.30295075804535354
0.12954833746634203
0.2059769300857964
-0.3171688331922979
-0.2862407826349519
0.04802252537299275
0.3640270582494123
-0.29774646623120066
0.01683039096091695
-0.27488902809879145
0.11437784979668279
-0.20767032888736456
-0.1321183631700885
0.018127442421719285
0.019994904693457157
-0.1640085824007558
-0.19047123818250014
-0.2561485124507509
-0.01790161627034683
-0.22849530930473483
0.20756925008872185
-6.495585025051663e-05
0.0918705885458748
-0.009116087322298664
-0.07559510369668332
-0.0951802759460889
-0.1969118711811215
-0.22779559347718698
-0.021556747902715695
-0.2285577038052348
0.06449608923665688
-0.07575653800628349
0.13159169696596087
0.24987857278370057
-0.05085010139851604
-0.39276438577417716
0.059271399213508755
0.019401755800732345
-0.01294338443286806
-0.10765268482917364
0.18573902305221127
0.23126324683885935
-0.0026719649543737746
-0.23114555335868311
0.057205664077599874
-0.20399004454682343
-0.3429099936120494
-0.2546034332281146
0.08301458111272471
-0.03729820608953038
-0.3178949109216708
0.06745210613467158
-0.31568380152536873
-0.11365621313825572
0.17701945896398963
0.21310284375281374
0.23655359881917246
0.13352476512737668
0.25729487670904916
0.16622938868572684
0.26827093056146323
-0.013976088522399649
-0.1782607906844112
-0.06909205761921001
0.1317615722728058
-0.3755548361932507
0.11826009779309282
-0.06889105182656757
0.2470298430787623
0.14225950518304276
-0.2802360050668074
-0.23659772157269013
-0.25208009220962
-0.08975843098235844
0.30383782605045406
-0.2940557902465026
-0.3094961217466381
-0.0940820585532834
0.1988271761014466
0.17514679319976767
0.18202255683904314
0.014919957675687587
0.19478973265135788
0.28353175754654814
-0.24027089631336554
0.1426831356949418
0.03845019625851152
0.1380671331654411
0.18461925738273577
-0.330958729410011
-0.05961523666460848
0.2652403734576724
0.14878124356525035
-0.09848483893812242
0.07422129611262479
0.17734399205542045
-0.1539748019032508
0.15063779184178244
-0.2571164966982902
0.25680888576800637
-0.19348733402055265
0.28680048998074764
-0.13664126982360164
-0.10109161615787644
-0.14974134943186326
0.4414090164829811
-0.05495217938873684
-0.06782375167656966
-0.16488676731837415
-0.0788696442992692
-0.26484782768632587
-0.3192421516249527
-0.26770415029796746
-0.03491951489913466
-0.06146028933103898
0.11379148272883131
-0.38041560898070037
-0.2532884051167413
0.13060244882079838
0.31766400155447966
-0.3306796886635838
-0.05479055780194588
-0.18823679638946175
0.3669465026018842
0.08384397459406905
0.22445801506074525
0.17010133430718208
-0.11087611048338573
-0.045188651472007076
-0.36005876749320465
-0.3870061027164178
0.03694468155755553
0.0826261872931134
-0.24969721817998106
-0.22057191131574055
-0.13894976087512437
0.1284638437376797
0.003623502634803336
-0.18270356813683666
0.09534539928358726
-0.31738850445261313
-0.34521532280200584
0.15478502804980954
-0.13261698395282448
-0.32980078545357766
0.08032595007583114
0.20683756130766762
-0.06015933237710361
0.1820804220917676
0.20300704366465686
-0.22224772961263464
0.1879202337332203
-0.1811423411160296
-0.17112694182151525
-0.08747150669864469
0.02761976920844129
0.2015985939589981
-0.18956219110133993
0.1500894029632929
0.05153106950376083
-0.05266234785954659
-0.37460000830147105
0.16955211539116355
0.016932230186707805
-0.15018097651513232
0.16235641085878236
0.165262573501149
-0.021797708748611647
0.02917434724359333
0.11869766846846122
-0.28803189428190296
-0.4501669290108357
0.28834304329577554
0.19096040757614138
0.23695371841968482
-0.43024922289840034
-0.2933843648574549
-0.12135175815679128
0.03619769506336794
-0.29506358521070736
0.34557456951710414
-0.16069712886211232
-0.09838108187723132
0.04703362487448744
-0.14239233317521854
0.16914526213003597
-0.29540361894468725
-0.24768995009096173
-0.2530086274565858
-0.1919912698067525
0.1720561834874119
0.299844420116239
0.20296332856339147
-0.10446043553476352
0.2038177052439281
0.14994238860118483
0.1063138218455381
-0.13419705168496318
-0.40203035600305315
-0.08847776930275747
0.023922420614602414
-0.15670801472027646
-0.03742928864456294
-0.2595469373972827
0.04959843842024533
0.12531581999137145
0.1305488741250735
-0.17928548949592193
-0.13991574834940543
0.13806991347099806
-0.35104438965086243
-0.301705114569677
0.20127855266797662
0.1503354274397761
0.1809852346757059
0.20113285821739063
0.09957536663123202
-0.38755612583569865
0.17761095137932773
0.10508200562953884
-0.27133434213458413
-0.21083352136141842
-0.19446786987992548
-0.1776577207744453
0.2533334337800054
0.0785251905473681
0.09845822066495279
0.08081909627418843
-0.03703997744151739
-0.32920991223513396
-0.27079776380060067
0.04063019111509888
0.01837251962299201
0.11666999550175783
0.23209765835282484
0.1709461114148151
0.31026227591356365
-0.12580597503807447
-0.01512402378019298
0.10823737454895505
-0.09787851636634304
-0.1056009175266908
-0.23581186074061636
-0.1530385609938753
-0.18325588967567819
0.25684763487133816
-0.11041561016236348
0.0724211727089081
-0.29139263865221593
0.12112138408046941
0.3891869088155168
-0.09052647481288671
0.1247868714721583
-0.14406374717153836
-0.34182185337472354
0.26589941355221947
-0.297125360715443
-0.26157619988147673
0.301301283480519
-0.05147978569616449
0.3662225566455825
0.20043826773935744
-0.3437118627233606
-0.05188540617123699
-0.020894706921529116
0.0030508317343037514
-0.10073008630035413
-0.030044551479920124
0.2853788248151647
0.29061039609468664
-0.2128493705984694
0.07042660591605218
-0.12684864201840274
-0.18286124929525885
-0.06846604719754935
-0.11004582440217293
0.1036520112762252
0.236892613435933
-0.1807514722062701
0.35479219271875057
0.05195619938386732
-0.26091743200891665
-0.3805952312588409
-0.17162423036966198
-0.19851454291616072
0.09142093316366937
-0.001685575901591895
0.18236869041768966
-0.241599789954345
-0.22764868342846065
-0.14214178776382128
-0.16232153598376928
-0.4142132672075738
0.2376362612877412
0.2851998325700958
-0.33502854117510156
0.27335278660674284
-0.10568322137229505
-0.2813650871460571
0.21644208186137132
0.11394212204736391
-0.3227586803651071
0.22687351841648007
0.27536772024536016
0.0824187859848151
-0.03633894888940676
0.043150676010448814
0.0890915459313357
-0.027761725082277738
-0.04366431080757627
0.25393706323792126
0.168659196719829
0.23399818051260632
-0.24955729717354908
-0.33471918391103106
-0.03611284087831334
-0.2529952911722474
0.24958592491997056
0.09895302145074432
0.21549254479448696
-0.12777185527017743
-0.18327197626668554
-0.06445402641523511
-0.09414123470211816
0.20899444497421257
-0.21153141716132925
-0.05995132101794667
0.06638654883970686
0.07266106634354509
-0.020787890841912435
0.06304215196455837
-0.02119298044036325
-0.10808969550406951
0.020285965657989978
0.0418972979162516
0.18893986032812235
-0.1478303128037067
0.08704772280930023
-0.2609334964325257
0.32261971366979986
-0.2091357133500534
-0.04955862497298496
-0.2433240012720155
0.14465177532131504
-0.26634499582808674
0.035590771197293154
-0.17881144390044282
-0.11168215500928767
-0.19154313925401922
0.27782950385382305
0.16656741069579575
-0.12826311379485786
-0.23012518472730137
0.3451232818380447
-0.1843836720385438
0.32303886424804884
0.04139194620491847
0.2455391188633301
-0.010816305461464575
-0.20130501036111936
0.1576415302313959
-0.01792151790675663
0.26498846594709097
-0.36824017070378084
0.1619617323707678
-0.2849193987650534
-0.35336311220086325
-0.28009543332642894
-0.10589425933399997
0.08938063036489471
0.2511483777065877
-0.02277759493831633
0.10499372201727605
0.2754013868775309
0.06456115758219745
-0.23948263851439666
0.18693295901068765
-0.28289106522273355
0.30498179896254046
-0.1076692877588901
-0.0770847225211459
-0.06156652452598037
0.1415497153773454
0.009344654624136918
-0.20200758794089652
0.0783368345579709
0.06614973129661858
0.10771001303926017
-0.11750616541813214
-0.22732542037057818
-0.1593461638416292
-0.2087338194380873
-0.1229259421136379
-0.07527191074643227
0.2228482162611219
0.15656117571929137
0.07192520457419493
-0.1704848014615843
0.23430201702541154
-0.19275551712306532
-0.10472910555716172
0.18089727763522412
0.23610778685861308
-0.2097424739991704
0.05957739569129407
-0.210607502059607
-0.12310695166159302
-0.21842206360031452
0.25810956369678595
0.01909366424618752
-0.19994065326900148
-0.23145162435532063
0.178965464045373
0.06193958632598126
0.15852656533968054
-0.24236784222875019
-0.006151209937212644
0.10585952345161166
0.06435313535313786
-0.03590018599328697
0.1688913200946289
-0.1967315208868074
0.26170509094290856
0.22626210426694515
-0.008406287539205772
0.35632589703735973
-0.14030030098537044
-0.2420608003149725
-0.054364495991550014
-0.08333034752735348
-0.05407537078063503
-0.2372773308596315
0.2672730341079566
-0.20550906891223078
-0.07998576777527379
0.07579167205408928
-0.439165215045684
0.4413208515715275
-0.10988188527408312
0.10701043422677171
-0.41437891097376794
0.3498581880762389
0.12959215939589283
-0.2505777001000091
-0.06318421419327912
0.0336976113717586
-0.41263237642861184
-0.1558230109451062
0.2458611491906349
-0.16409386008232862
-0.03264581341422956
-0.16673441013017448
0.15502820230738026
0.13691892143838982
-0.06857738633713908
-0.007114485740456498
0.025393829989054
-0.22019487127118703
0.24008067127910665
-0.1387355245212277
-0.08637347495683015
0.004666495447916749
-0.08993787237966185
0.19916458703829334
-0.15075873636938894
0.05425389865222486
0.11548898052250638
-0.19086393280629035
0.10306546204535505
5.38816820302009e-05
0.1376722896470203
0.22214473057885145
-0.0901202905034573
0.25878537776675575
0.1927367657072448
0.21302591203335822
-0.4522081572978309
-0.09060314998370131
-0.3246389824120955
0.1118615975958974
-0.13792319117551521
-0.11834635266543239
-0.1751214073474424
0.08571199380455331
0.08328393983648497
-0.15773551612898282
0.1883087431951089
-0.25169300815623485
0.17356854286884768
0.16765411856532333
-0.02570550943097825
0.13257850356428494
0.23226860176980405
-0.1178281393509368
0.13220264103731716
-0.08615340740699395
0.321670424544195
-0.1770334865744243
-0.1810079301684104
-0.16810869968548295
0.3493349603037404
0.027439189440320155
0.031664026132689545
0.04674495846490208
-0.23925552237822753
-0.009275380311616743
0.012994226527455806
0.3309653479755043
-0.003802251841746166
0.0682844022908968
-0.04513971847242065
0.1686891594632752
0.2958322247349859
0.19372178346069618
-0.2108934967934405
-0.28924290742637254
0.009418821162110376
0.17418559432009695
-0.12496393497697855
0.10548480457543993
-0.11515712358938311
-0.11310277336470913
-0.09657646588389691
0.013728772719765749
0.13723871798446768
-0.19032560006729368
0.04720343627928674
-0.13278854877954646
0.04687621772581998
0.11632084209549841
-0.2612467542010382
-0.1195333197003584
0.24191755049728503
-0.07293111995569225
0.04696269295723345
-0.14039936391333477
-0.33130693699524316
0.15377124071574308
-0.1275128929508224
-0.07985320944140963
-0.3501546427436275
0.0811423883424624
0.07724820546179828
0.10681222232664105
-0.21210315712491354
-0.07669816409803802
0.05994994614709435
-0.22265973546667975
-0.02487191269916417
-0.040601848896408145
-0.307037547162903
-0.005704036843314895
0.13305580609391326
0.08209231410079616
-0.20070767700359712
0.3740742625221981
-0.0794505852393237
-0.30849920394798813
-0.2638803877007004
0.0448252891028035
-0.06909083693299836
0.17546832763554035
0.04694734535604268
-0.04730382065802149
-0.36717971914795094
-0.03520994661401207
-0.26115300506365113
-0.15691029214479527
-0.13626727497679714
0.07653250446387592
0.3236215521476753
0.10833512825277075
-0.013045143693874528
0.14171371918531983
-0.06811236914023056
-0.012301107599635928
0.21772880558243263
0.19546978259580455
-0.0021016036849127694
-0.1973441618115557
-0.25965168104921854
0.07651522357521942
-0.055339409421420085
0.13121817992486748
0.18608598983010854
-0.11012692564149755
0.08401211929528073
-0.15382573090869975
0.05578362665386155
-0.31274916987346174
0.17821989610387332
0.05991783194731347
0.05971056425252169
0.24480506645710967
-0.13117196449682386
0.053827294418533
-0.18230660620456277
-0.0841577538288767
0.23175019294932847
0.21531009816091337
-0.09568315083839536
-0.13899426914125343
-0.21001695092970057
-0.35471510292142727
-0.13398551736457762
-0.3550640294516679
-0.30046448195440206
0.2043938863739762
-0.35895428295267207
-0.20632859196670664
-0.023220905354620167
0.046174527581269394
0.19889755057023134
0.14481732032557315
-0.24969494146406845
0.3177625645251292
0.02895315095444924
0.1165496474260286
0.046425196573062315
0.36980465540647883
-0.060164034061657615
0.09670048086667374
-0.23187405251400195
0.07108848621206326
-0.01088537483902171
0.009217076585739498
0.16935637086216618
0.0031430751423283548
0.1528316835548372
0.2006965111262487
-0.13920489295794292
0.129295607140923
-0.017546033846820668
-0.26866557323605905
0.07245466827994865
-0.05582436661071499
0.22631795402075786
0.19264537144645746
0.12251381430707702
0.4170374380484976
-0.009920983574887134
-0.2754304077329433
-0.08026113130562611
0.11537945708222257
0.25119240359284944
0.10614291352450632
-0.10836563368527016
0.10671587679474731
0.1940313425434331
-0.29223950431209256
-0.38024535081509186
-0.17594676301339818
-0.052376278699886265
0.2819730145869371
-0.23787535889677858
-0.2538621144648823
-0.16564929467158485
0.20046428452719084
-0.1407408753352878
0.011957380536577057
-0.08876917484751198
0.1883771207816244
0.07313459190478308
-0.21495120464044895
-0.22320167074898148
0.27954159380648946
0.27481517911847153
-0.005127627998390221
0.10350052750787644
-0.3200068971418521
-0.11091194845497658
-0.004603899582417801
-0.019490114441591887
-0.3030977825432824
0.35462313707422827
0.1912396770835579
-0.1335498937465013
-0.40279268736119067
0.07838414964010035
-0.11132776567082059
0.014720004817526817
0.18472934264666901
-0.01795610296897624
-0.1976927552847626
-0.3397261057612251
-0.08127937459470823
-0.17535180107573356
0.05260246837577245
-0.16251547375951214
-0.3032457744429483
-0.2560507235458057
0.28600432436706325
-0.3269928068182749
0.12235578088592983
-0.16315386097167286
-0.05298810608953788
0.1174419510520842
-0.3019114847798819
0.007823326962614058
-0.2541500060919095
0.030480433023728142
0.0028919580266403666
-0.03295694344371991
-0.012679985722991536
0.02183049710642621
-0.32633459996916725
0.13711544844213494
0.06559901006314184
-0.307958177732047
0.08240538064667999
-0.053249650409016275
-0.20939992313187333
0.22880394100389204
0.12907589343719567
-0.19511714667711644
-0.18755080486141645
-0.3877120934417973
-0.08888789408474049
0.14876257205918178
-0.055865266715589515
0.25183742028773803
-0.10455260244211484
-0.22968090904556016
-0.12076009664890203
-0.08621372648510725
-0.24546508752764717
0.16548000726520407
0.25293700564611477
-0.16890022940078953
0.34805275577208666
-0.3434667151472603
-0.3072512629081356
-0.36707391940424694
-0.017449086219395307
-0.08019619678349789
0.0474343700386814
-0.29715437510335524
-0.04564721195896035
-0.22990645496583367
-0.09653789306603469
0.11106622217115796
-0.14538080864787922
-0.20439536415797602
-0.04734633489010164
-0.20420767869653972
0.02313028010092974
0.11214748172667643
0.2784998822229381
0.15776703267314973
0.10241404476734488
-0.06240020201169654
-0.0739752508014046
-0.039619294345332075
-0.20950510672692535
0.31045594186526704
-0.21146987949016266
0.01616628641382976
0.30392117554719716
-0.20942964579887663
-0.1477662255102154
-0.2835297852451437
-0.3324824511065064
0.03471474956946168
-0.30541449619479255
-0.3538406233551748
0.18591512467488994
0.1469355498804568
-0.026379793202223306
0.04199228877814324
0.18710718765290152
-0.29128489355535836
-0.26925371459141684
0.1986052430498879
-0.2473122429000063
-0.30602599718548046
0.10265551488741324
0.1847932179252431
-0.008542500132095544
-0.09990975877425609
-0.3909026156304015
-0.06678428271513737
-0.258587636563289
-0.05495074683744044
-0.3334881102394019
0.0899871883148873
-0.3090949368912475
0.14313318639471168
-0.09942120078930217
0.0640231970745854
-0.04754130353900483
-0.07898532427248925
-0.3800698351142232
0.06133480928190285
-0.07069389592162369
-0.09631083018276267
-0.46334135899674495
-0.12654398559053487
0.1983529385357604
0.24680585097691116
-0.2685875893400602
0.10464121686570736
0.0773895717777516
0.12457456438656325
-0.26923323359780155
-0.008495392050779822
0.08164232878735181
-0.15029067290576878
-0.12896992362438883
-0.22684607041535323
0.1844778467709546
-0.22560933342696649
0.1906048542354575
0.12271051492605412
-0.31957739350276904
0.09808386458658307
0.15196562596199353
0.02440488522833738
-0.2138149601809754
0.27839445547828384
0.017442596673639826
-0.03680007304863595
0.04390538536702696
0.08326795889985894
0.16530008949233813
-0.32797591266892046
-0.329345939195051
0.1891312577244201
-0.24199880105453503
-0.16775580625574854
0.08709889871552122
-0.1420258135839574
-0.15332328589494476
0.06276408877290922
0.09723285570352282
0.2481393931860911
-0.19465890794673096
-0.03868226951242819
0.3342664561839853
-0.06879067653633927
-0.09941002390564235
0.08185549675265796
0.08604567463965797
-0.14204760955526485
-0.400795459781284
0.20130187692287993
-0.12251234292078692
0.21668553102135
0.07793912373474814
0.19328849072548088
-0.3971932309877003
-0.17552068666292528
0.16639340449411
0.008401811698171967
0.3343332259359637
0.07651445493507289
-0.2047675746744307
-0.1207608562620417
0.12459874950382979
0.057152406734635265
-0.2803991602155968
0.03310871643608941
-0.15219177054738045
-0.3118981626525621
0.15687058187135972
-0.015690486755726017
-0.21267899625028178
-0.17320300899536373
0.06337770475470629
-0.19726943308048284
0.3162447613891794
-0.056925806055830294
0.08308379268910034
-0.07523284200252237
-0.06671206142763991
0.01608925678785541
-0.27419777409228957
0.00015534954708991213
-0.06078398127772845
0.20603650283299188
-0.23200075531698344
0.24162199308025262
-0.2638680381684442
0.07994321126223887
-0.02924265272399671
-0.20538186510167955
-0.4318854777085152
0.13114395864684522
0.41660803719613093
-0.19101670784492633
-0.09233392041146778
-0.16537702412244226
0.04807920326530091
-0.23753175749657265
0.034875578710827915
0.11764423567726699
-0.04885242087955864
0.15506194763293166
0.17379982386310375
-0.16081842809932517
-0.09234849976757105
-0.18128040601738263
-0.0652583541905591
-0.027028340555686228
0.05914913765183442
0.028549337560123757
0.02395888783612944
-0.13427845324804938
-0.13367274808726992
-0.28655600421347854
-0.18146746332027341
0.09081947779057353
0.013835688314079882
0.20499275170934955
-0.17785229791648008
0.047605886024570596
0.18442727596895195
-0.018876974312919747
-0.06500968790269605
-0.24960406796499446
-0.04912834800561293
0.13441133825281099
0.04531847619366988
-0.3699557951883945
-0.1240433571171435
-0.3495005000807457
0.30689729853955555
-0.3692104418065281
0.24025888393822736
0.10449229842830862
-0.21373661617616888
0.1942382631539079
0.07161270607726773
0.131987863738817
-0.14277442455138767
0.2454324762943686
0.13398356694502433
-0.04519665105570285
-0.0781648467133048
0.03044749671784092
0.16034851462916086
-0.13438243517706916
0.09673037571602905
0.12999223423981277
-0.1762598447152294
-0.026591312091642463
0.10857023207288045
0.23011327967595746
-0.05982845837102706
-0.31262039995171426
0.22337525783656823
0.0006172158940602495
0.21453214791883068
0.29714812843011856
-0.17777451317299423
-0.037998120869258245
0.11175102391137001
0.3173619421390873
0.2697547111154709
-0.21152163282806716
-0.00044052047210205484
-0.39901074977415607
0.0799412257062437
-0.15526733667614603
0.21656763312628227
0.2872246807017543
-0.19536584314543085
-0.11482433028534526
-0.17977609015845317
-0.05692597208742505
-0.026933122269896765
0.23994669032444152
0.09833126890047669
-0.07924963796648606
0.004691146623388027
-0.024315524006158683
-0.02834741285722021
-0.07649799096378365
-0.22792858274855632
0.10305516452750384
-0.2305289224697542
-0.4579900178211158
0.15713470475422228
-0.2621350779992118
-0.18497889931159686
-0.4670865179441407
0.4178522307270247
-0.06940428478723266
-0.17598400578197024
0.23275299148752202
-0.13416536880288144
-0.07405455231623588
0.015171604618459945
0.1315272866637115
0.14530397815232715
-0.08235144316914875
0.24616079112014316
-0.07846290284733035
0.09538956501820631
0.23462984790795874
-0.11349420928795452
0.30132296361043265
-0.3804591530573987
-0.37681751391779295
0.28518818927300565
0.15021713829258088
0.2280119184716523
0.2099377603469033
-0.17294800865237978
0.14795736133632534
-0.16459871175630278
-0.282861712178111
0.06423847478188684
0.06332852972186942
0.036417593384961276
-0.023883681480737193
0.006193774385267663
-0.05773105388777319
-0.02021677816753408
-0.25697602452560614
-0.011007901062290425
0.427441573832005
0.18050219278101232
0.21370967407952215
0.14764818898019524
-0.22087939722093153
-0.20391498998032329
0.20191707864837574
0.06331805101574416
-0.3928221304683184
0.42050879419034937
0.08388941793261452
0.12066545201647783
-0.13220941482820533
0.1604480147770323
-0.18341259705317797
0.10517162642939182
0.2209227676676517
-0.11004903551514413
0.20298171284828273
-0.33278075769645254
0.2986060275253352
0.006838818423950006
-0.38853056707355177
0.16526134351077493
-0.04317901049597141
0.030820214008209723
0.2319473520515309
-0.11651620482530427
-0.03260523615977707
-0.08751055701282495
0.09720828347619694
-0.17716802646336835
-0.0737628763359266
0.2355634067783712
0.08358492452174472
0.16794231077999666
0.1583138738752842
-0.29666447681566954
-0.2523098334276584
-0.07625523652182097
0.24313730485029655
-0.24082703686122042
0.010003718219150762
0.03330387500247877
0.07478672103566436
-0.23247436916299188
0.24122013611893367
-0.009336608536086258
0.07500001497664217
-0.2718715422780505
-0.28364357383001715
0.09066557490909687
0.06028973954171828
0.225737901432881
-0.14516479280394412
0.2830529203798974
-0.24388754125360357
-0.03426250910177005
0.08426642088117618
-0.07567825780032202
-0.34811503470871996
0.043870600131545034
0.15280542056633187
0.07790120197343647
-0.0313584100333504
0.4084097275544851
-0.29826453146590065
-0.08978731586242723
-0.05202165074652213
0.1806357912185426
0.20662799588731384
-0.35818844201500977
-0.16829991063128596
-0.0009857137378414737
0.19589949964752684
-0.39868276595056495
-0.25631661020473445
-0.06152937137734069
-0.008648754719289421
0.01862422755785735
-0.023487950922442793
-0.10514827294715075
-0.31532099296149435
0.09204730963874731
0.018515002123559117
0.31507341285143764
-0.022988872475071608
0.0917299760959485
-0.19976211271569613
-0.24941462397760675
-0.24769985117207613
0.0829274089515637
-0.14172280199064408
0.2657139166179533
0.023894952469285434
0.32632488100069945
-0.1688917030277295
0.043862754288748154
0.2573499853488047
-0.008779792283142789
0.1562705245938779
-0.2042568433779221
0.1508465818371917
-0.16338400442239248
0.29173834369514084
-0.160841606686374
-0.028630154833843513
0.1446948380655637
-0.3587957431778096
-0.018554545145859715
0.11448701953662115
0.050197477626368676
-0.10376687109431895
-0.016288728060019
-0.2586440508665885
-0.24173837251161598
-0.12667360162491403
-0.3477816185891212
-0.01675273774772102
0.02087564804631853
0.061323555763552466
0.3795550032160027
-0.028625766085944974
0.29096164852068435
0.07972379848923444
0.18510070798885803
0.1908865009512515
-0.031939091652024645
-0.002060384077188235
0.06274594420931759
-0.06929677259890703
0.30453867175792126
-0.047063095750063365
-0.18270834100975525
0.02305355645913615
-0.25991334943847955
-0.16353579698333987
-0.12696981743818647
0.33648280116445506
-0.06134081573755194
0.09405608918048224
-0.10100877228840544
0.31522337208360557
-0.04867640891497883
0.273251620109596
0.16034074264771142
0.21597410025087965
-0.0069875760110151225
-0.19309133603015097
0.1291073970296905
-0.2633953190005964
-0.20389495620154005
0.0686363309340493
0.27473298572619287
0.1879428104635818
0.08309481359142233
-0.14737989472112084
-0.1925381380467997
0.1976487789456107
0.1302658783551798
-0.135235932967201
-0.09923139650175448
-0.24334423928635812
-0.39808451573598613
-0.013833398200963656
-0.27736689961447164
-0.02707541635979694
0.20042390542696212
-0.07876902293252071
-0.02758487848375002
0.03303080777330088
0.2812972078193254
-0.06507467401772571
-0.12547358135285308
-0.1482798671416209
0.20315168333665573
-0.35563748374099396
-0.05421737415862635
0.3117929353839548
-0.12496838048872966
0.026291608381249894
-0.34216827696568364
-0.25804047181554757
0.09291588223528192
-0.08514180585475285
0.2309633514282567
-0.06009441929812713
0.05108488778725366
-0.23345586322814754
-0.2725029416976741
0.09958206028516882
-0.2625765635210531
-0.04749599668256157
0.1290084087412145
-0.1906678989790024
0.11880252216910016
0.1913919035253983
-0.34529087886578846
0.2816032587343838
-0.14110830129794355
-0.07276296668988885
0.07427883940458477
0.11385743150153045
0.05682078070733561
0.24709032197725905
0.21228153069123415
-0.01404366623535855
-0.10492636234203905
0.12727815600167836
0.3750421271190625
-0.1770704269272465
-0.320090572951123
-0.05690335397789709
-0.061778666977729865
-0.24442510795492042
0.06700428349648815
-0.05937606703087357
0.19755055407676428
-0.19861624684418858
-0.2997058956990918
0.24974023283707084
0.07688502096757517
0.07445525467534031
0.24094052695911994
-0.24867232252129365
-0.10121350632301217
-0.015162241514258787
-0.1940123094014633
0.005517869811647993
-0.30960949028275087
-0.01089811433164317
-0.3269594765873416
0.2445220743197568
0.08770816835359636
0.05135542550854374
-0.1615551923080644
-0.16958021066277382
-0.17006278411780212
-0.1296948076260062
0.06754641005557589
0.02967184920823548
-0.3654509217564854
-0.08119364429441785
0.25747671518758164
0.059776274412392215
0.025191789319725093
-0.05467165854459601
-0.06526609616966038
-0.34025574786142426
-0.0467010109943834
-0.010127518905871671
0.2196842399343863
-0.27568894470472444
0.19780229287346424
0.26626022843788777
-0.25087901410216906
-0.21506337226024333
0.21683316807263203
0.2924808648405174
-0.0564825652111065
-0.29251357285468504
-0.2704243543344597
0.12280646771137597
-0.3060281449715546
0.19250280292490884
0.02747209723393567
0.0014123565339812332
-0.06282863399367422
0.2079288157354434
-0.2141312383315387
0.17528352387734736
-0.13674169172733408
-0.029163834134521626
-0.2633763819788612
-0.05686987524061402
0.11323184916890175
0.042085164877765376
0.11303519849284331
0.01116926753711852
-0.058934457706461836
0.12464380764724428
0.22144560390199636
0.012720967793517429
-0.034308429725420614
0.11792335567329404
0.09553957130537936
0.16097639845543643
-0.08632117848053526
0.2893893266619692
-0.33798855170908937
0.16464709404293218
0.185984452588295
-0.2235721550961884
0.12823781701418385
-0.25421897808822397
-0.040910630642277214
0.09403669847955112
-0.07431536230522842
0.05354312973076731
0.22939607827142355
0.4051455066682881
0.06904410322933371
0.04213053746070399
0.14755055679276582
-0.1805751254885367
0.1969648427007935
-0.08534177287176313
-0.22011835292831097
0.03734634006312185
0.12679590149334494
-0.021398736599965516
0.2598378267936828
-0.04075336173065392
0.26981658314355056
0.11557030041175043
0.03261541469833031
0.26291825444303596
-0.1492477746005165
0.12348444635905241
-0.1346696995029133
0.058910208783844134
-0.013486607762137698
0.06912324730691663
-0.14992962929331527
-0.15078895058977956
0.03379755175702447
-0.36416939962690686
0.3058818429236885
0.1887148305580112
-0.11009319875746006
0.13033964433348125
0.10715107043837771
-0.05356500345992099
-0.21179042611098106
0.045744491949695106
-0.03270812471341945
-0.06697453015513286
0.376590527928185
-0.0028587197509872143
0.19382222028212098
0.07143472605195715
0.22865875465561103
-0.24880994484056465
-0.04115360480662899
-0.37323504230100996
0.11447300284356554
-0.25101489290233314
0.05218802075739788
-0.17420062828588423
-0.07724107199764828
0.01697514642823505
0.08733665883476437
0.05848884656381141
-0.3699005751299918
0.22326322805671248
-0.2752344373048468
0.08956427676812682
0.2577767049157369
-0.19045881937913553
-0.05398605889315984
-0.2291170505979468
-0.2881083943083382
0.2154560743567413
-0.20032644845322423
0.036632864311188104
-0.2541044375968282
0.1302705614648917
0.045372712687123645
0.23203474323972112
0.35454636068658363
0.2732765923866063
0.06514920243617127
-0.13078717030738066
-0.21893578346033057
0.29804238570634084
-0.20829569795174946
-0.14407434255338417
-0.1670421475890222
0.12295064001624309
-0.03173419458274971
0.23748035269197593
-0.08233749235465633
-0.1274310221178325
0.05942409641058347
0.025183490467280707
-0.016930766030006643
0.04095600062004261
-0.08376569219804042
0.11873672169134682
0.08958487876735692
-0.13534972700970488
-0.26028779663437784
-0.29713588423179493
0.29560924047740433
0.07043964612748214
-0.3035453365020275
0.2523119308836778
0.13765681110611772
0.31473043125688216
-0.12999906242385117
0.003318568604646305
0.26925913596758094
-0.21313899417190013
-0.1594131167880182
-0.24795591366991132
0.10401880642862693
-0.09514446874867026
-0.1213296839995838
-0.09323374838130362
-0.2569794472478418
0.2958317707955124
-0.09074424039538642
0.15138758337348282
0.1034642407746073
-0.12813164990278011
0.012822700101969158
-0.1194954760455583
-0.027594750742626625
0.23625622588349116
-0.19003505692934924
0.1746328861706888
0.16709131557850335
-0.24033807723437572
0.1169833770244834
-0.00012192973237648668
-0.20479092320726197
-0.031724034075999795
-0.3056615352761816
0.17280331473703514
0.17386736170358846
0.1801480210711453
-0.3844937526355503
0.32726988807401614
0.11177398897492558
-0.20952778843677772
-0.3011158416402886
-0.048638600739826544
-0.27212236790891103
0.18616379468305147
-0.18694854646975612
0.007146708186407708
0.3290586179923678
-0.3252922631185135
0.41897297850534265
-0.3993847180873776
0.05759523410661915
0.32466794904716983
0.1487011400451874
0.39799796482685285
-0.05799209933200953
0.21098474645867377
-0.14872326091502375
-0.06507984277901145
-0.1209572305953673
0.20539522469840085
0.15085252263626428
-0.3907735783666446
-0.08990735047373369
0.039831875287736906
-0.3020586268357298
0.16605633900616312
-0.1391855769360326
-0.16137364911221258
0.024615783330601482
-0.002314327715082505
-0.1506567760519241
0.3806632984038502
-0.12439387614052026
0.05385183524281844
-0.13670633566069348
0.117355997984304
0.07195346410855732
-0.21047538106742153
-0.255130668126181
0.152474771526772
-0.08168073237561155
0.10502274066540837
-0.17421575240131845
0.3229599307147925
-0.02506130615787791
0.16981572706306666
0.12635643277609138
0.3742044039331228
0.23031602562127593
0.0011128266190157889
0.05438505497920922
0.16822826399862123
0.05679184713619276
0.08683174492808159
-0.1077108724061667
-0.25752479039611503
0.1938099627996746
0.24458518395814516
-0.13512881776774735
0.08608965870482589
0.06564769279505057
-0.03125601427515309
0.10740172808666991
-0.06548468819891749
0.04957461265275163
0.1856079601972324
-0.298260929940115
0.07930816800268185
0.2671217934544824
-0.10116154943979329
0.026188089210322903
0.06981347057841937
-0.16604755496809911
-0.1697227631021096
0.15061324739799284
-0.17817281303557614
-0.16290693673209417
-0.34852401346323325
0.22746641212117513
0.26705900733900967
0.2895298937886266
-0.20715752628647216
-0.14928094430696406
-0.14682589710758331
0.08627250075237944
0.1686251323029132
0.04363691371163304
-0.24881706004600102
-0.0674151388815917
-0.20569968981109935
0.2121530130885482
0.23745031212883558
-0.3134295280888343
-0.1813511369306925
0.03361755585996534
0.14264885439023978
-0.11117948461325716
-0.0429032566089105
-0.008261772406575248
-0.33827195187228065
-0.04402620521618132
-0.09553442332614862
0.14456247483984605
0.21394243049358988
-0.20615426232695877
-0.2504930382370366
-0.2243502407497755
-0.3023230458629243
0.018091819423122685
-0.02153991155842851
0.16910299628975467
-0.1282708989480026
-0.04503278596594836
0.16789042637582516
-0.3018047528956603
0.07869870543305321
0.06807364248702115
0.11207410726996443
-0.3392614512311401
-0.10918374072912042
-0.1840985455303751
-0.16799279078365942
0.11454078049003263
-0.30429702618623683
0.3634016252430448
-0.03909294317674143
-0.2877172005567751
0.1777855190360557
-0.136758027510028
0.0716235967710955
-0.05520458918525089
-0.2719100147473724
0.19740242820053827
-0.17669695788725515
0.1363988182772401
-0.32528083723503703
-0.26018488958210995
-0.31681400169372415
0.2679910699296414
-0.1724235898387735
-0.04800852079310402
-0.2310633440599575
0.045414467334811914
-0.17841440963535476
0.19143564088700862
-0.24739537373868256
0.0837598203232053
0.2717473437230166
-0.27863246548761766
0.18393930985362045
-0.2843966068479693
0.04299270818294989
0.07561482066046014
-0.3442155007728421
0.20336867118787003
-0.31792783702042765
-0.30037807842317726
0.17018201644107855
0.2274649554413962
-0.4584450413203454
0.17823198701663173
-0.19282391975223873
0.04378856429114623
-0.05571504975863716
-0.2780055755228661
-0.006816133015368734
0.2458113128314769
0.38575675223608913
-0.24617249751418904
0.23946566604968358
0.06944551584350317
0.08714296659621773
0.045880269848420516
-0.05542697634852772
-0.3226200587812939
0.32467455986402466
-0.18158274981886205
0.17637770186368387
0.028220208665039156
-0.21896881681975675
-0.28170284870540707
0.27531282268762697
-0.0015919132917710003
0.3732494484708162
-0.2111037691806607
0.03555535676620477
-0.4351388487306163
-0.2009197238540715
0.15341403590510136
0.02345556741906473
-0.2965625426684066
-0.02753160193507044
0.03330411284379349
-0.09899138468526536
0.2186822489693344
0.046132064399245165
0.03154850730551183
0.09841812124824405
0.11861225068119706
0.07191944340591769
-0.09912022971792023
0.06321235393662177
-0.03573402291136294
-0.1443290794350264
-0.22054122309670135
0.06072168687772863
0.04935419921620103
0.10203259325049989
0.05087927918767574
0.2822864627504207
-0.1979675641943221
0.0894707961677612
-0.13725841655555257
-0.4698094002731345
0.19920347269738792
0.12187356657082632
-0.019520089643946005
-0.12466499816766939
-0.10724463927943222
-0.41460312628935864
-0.27700811686451376
0.10488814663608537
-0.016305230560884915
-0.07633689961718254
0.07741983259132099
-0.014086313701015318
0.22357990825178925
-0.28172231889406435
-0.28545440989426296
0.03226090408008929
0.0436609311008546
0.11475210357869428
-0.10144992650643589
-0.03875039046807179
-0.16126784612819894
0.27695360976268607
-0.15184047591673275
-0.0895280197422913
0.0955786475053793
0.033494180344045284
0.08058822895544307
0.0669730799518377
-0.02491552705332502
-0.2335008339680204
0.14160783843682823
0.06957912513188089
-0.13760114808778007
0.13210973501388346
-0.055634456571242205
-0.0030717126600140385
-0.22098105988354405
0.3066514024728035
0.23943647181123365
0.048543172564744205
-0.14763339861737687
-0.24800631574526674
-0.188289080281456
-0.11701364896394074
0.05333075339235562
0.054801983927141466
0.27415491981286755
-0.16850507811170545
-0.14499792898013056
-0.06295564370474138
-0.030951305860227585
0.06102576657827767
0.21273849966719272
-0.26362845236406823
-0.023645668779065463
-0.28515240782179146
0.23522917251519748
-0.11909297719181654
-0.1750709188240627
-0.3441528109128574
-0.09161352620641175
0.1570875122783918
0.09847384658474208
-0.16977077523456435
0.18865722030944715
-0.08426921440520097
-0.17388604255056161
0.24144290712470692
0.3623354155889018
0.22256732099549856
-0.16343404297192354
0.16711382730496468
-0.25831699427442134
-0.17244994080723422
0.34899489792974764
-0.08706940671221872
0.013874621686514314
0.17802954258890052
0.2285279954780881
-0.25289250064205354
-0.15966899593791256
0.14294785580973166
-0.2940968417129942
-0.06748157926895476
-0.19492698578160858
0.25304858597593083
-0.20159905009973902
0.16525014482649064
0.19724893079320224
0.07708212507970262
0.0861581467733884
-0.39435286102899386
0.0824897787923419
-0.20216380178712334
0.210521019672898
-0.37905765959450094
-0.005095940829107919
-0.31445405180634
0.07919720262748453
0.10357167535829503
-0.013776363004481196
0.014359885100421875
-0.18596503305425136
0.04576999490725397
0.06516041897260251
-0.060763769304014316
0.09483095099713404
-0.0939343955356012
-0.02109417291078313
-0.08125855545619544
-0.15490316313104635
-0.037387384868380384
0.11132150786117526
0.278762550801968
0.24888198828887298
0.043185959632678794
0.01145705938865401
0.31471507580188507
-0.13366341636420884
-0.03454042592533313
-0.004246717140984975
-0.15637893281507162
-0.03319507088183378
-0.10445736928310197
-0.3258630613786498
-0.1768216328486487
-0.24689363331651432
0.13025476018422408
-0.07765788791199814
-0.37395082503165117
0.18589127677986836
0.004323336535588082
-0.18685707086638734
-0.11727496549446366
-0.21172156238661155
-0.2587642574837772
0.18658557810795176
-0.13063672837271678
0.21508511412316747
-0.041863854550787255
-0.232655851025551
-0.22923445275549464
-0.14505582423364788
0.3009508792937235
-0.29375807340868354
-0.05708777851589225
-0.25166724547696173
-0.09370555895295929
-0.24081192974156776
0.28049778245646384
0.09224414972221982
0.23881763897719943
0.13029451312538307
-0.007267934357712677
-0.1767684834311993
-0.011323105276077366
-0.11746632741304437
0.30996207974613954
-0.42800744849925565
-0.06811092097248495
-0.2398479286867857
-0.12005524264906008
0.14463817828561507
-0.1521405303842015
-0.11871408133272138
0.07049674756599092
0.20490603974707586
-0.19102780286103807
0.16621706259406993
-0.23922800651629286
-0.020817675818444688
-0.3634699082880563
0.06874863089658254
0.03764269979931876
-0.3944883570642276
0.3003784808609049
0.035994768099725606
-0.34754676446998656
-0.06553932880279321
0.14988229869187542
0.0013933246630166395
0.2772824894814821
-0.3124962587609218
-0.10717934527389558
-0.37656097461122223
-0.145168850697007
0.07241665703838815
0.16014184001995654
-0.30865958934897625
-0.24281698768286222
0.3179330657392107
0.11863714186531413
0.22693570447813172
-0.005109357206268403
0.04608873242867311
0.09527135453071417
-0.051996921579138856
0.1350080354102783
0.09548875896503095
-0.13604322644232517
-0.11105714964695328
-0.13717350646544987
-0.11027860916665656
0.257951588863785
-0.16294358513200882
0.16337300012558045
0.21177563850429684
0.2093890912265964
-0.2749780979462516
0.23793310802663167
0.08165499858049298
0.25173330229513463
-0.009867435286502276
0.07186908362180482
-0.117228414799123
-0.1561637563439387
0.39162244913209915
0.12276008573861169
-0.14511876256170478
0.15303740868122673
-0.015231056075098975
-0.22855626215902294
0.2672103122513078
-0.18410659935345097
-0.19371844489890386
0.15307314050597556
0.006533439942920565
0.23685240918537387
-0.1233697433676552
0.2206010835379246
-0.07996636720861626
-0.010548034923829223
-0.015569559202367566
-0.33986347084981
0.08154390360026798
0.11004266500869955
0.08336411735078948
0.07965341813320322
0.3569224669440647
-0.0749408998890208
-0.06033494707172551
0.017248610925984682
0.009125478025236618
-0.07597598417757696
-0.07913518522798417
-0.34433508476277896
-0.23296339483403472
-0.13472755168717296
0.08763475151015761
-0.07453811843399098
0.3265544739060681
0.2678420178941452
-0.08291426929709705
0.21581213202855437
-0.27763163806141267
-0.017727866821980617
0.09475162218726106
0.0995457002736631
-0.33272950918280214
0.02203393579158672
0.014887241572487709
0.047905769404676196
0.1329854964696572
0.3132427457997793
-0.30930432015768405
-0.2260530718700163
0.3678277456858972
0.2759800352433661
0.3174553568330619
-0.277098696907325
0.11192323308343312
0.031956362744839366
-0.3684722123502654
-0.07879956681264565
-0.04004835126080281
-0.4715618763386988
0.20058301525677524
-0.19112834521834485
-0.13061233285752774
-0.1434683303607351
0.28802970148223744
-0.18156005927409538
-0.2076079464243741
-0.02972106223927829
-0.2035405901114229
0.08881266964331609
0.25509996782088323
-0.2815963843305322
0.01568998607080829
0.24513708514203297
0.06738793266886633
-0.15190304652605988
-0.03349763997148865
0.1754714465000665
-0.06496377450416183
0.20132297327431525
-0.14854233162369732
-0.007097092696123157
-0.17877334749063611
0.08927441929247074
0.2952063507025049
-0.20516323974272635
-0.1742126696728147
-0.18156695140299556
0.1315528574886748
-0.0097035045234078
-0.011003116602689631
0.13836238341196402
0.12455593941734819
0.04242113289531846
0.2411436793792823
-0.01609985759047191
0.09975119185657925
0.04436973268419923
0.09890958005588
0.08131139564565375
0.0571739738953986
0.11492775795025109
0.2998099373346163
-0.3369356175320923
-0.12387287905225346
-0.06449259175292228
0.08937948559913901
0.0087359918672101
-0.11553613401654722
0.07716355330899949
0.0013923521731931455
0.05296053499281317
0.14872290952657186
-0.1266491687154222
-0.06747301171622387
0.2442798217197389
-0.12495056217491757
-0.11326045919409701
-0.024457061846314132
-0.13109947491965507
0.06116117625613161
0.06949710353934183
0.15554264865356132
0.296597404070754
0.09938338107432886
0.06101160215563153
0.04621946271088569
0.136544414372083
0.14843337237691148
0.1522492909153495
-0.012703854475829106
-0.2998646624060871
0.17674294202500923
0.08217132033559363
-0.10193183688667057
-0.30572020328768285
-0.3312528879108442
-0.2406967899023997
0.15221467025531898
0.1651048983130235
-0.26813852848978
-0.3559418677382137
0.007882752024134491
-0.06474973461240745
0.30624487150419943
0.005267380528103011
0.204599907588622
-0.10327985456009159
-0.2268774852687841
0.19573947823649446
0.02498460368876895
0.010566655648453679
-0.13261105345892246
-0.03350314822348648
-0.33780069011237934
0.19838516301304818
-0.2560556534182297
-0.1333708808705079
-0.30716209543309847
0.31120617311051296
-0.3828536055525909
0.18126951224964913
-0.11345859765564509
-0.3682334020858379
-0.0973103391086937
0.1303758256213942
-0.023777638481420685
0.09914592705403918
0.0556115381383943
0.18236137110035244
0.15080365959888942
-0.2606395985642332
-0.1366163196918493
-0.27033479127912013
-0.2356570963241059
-0.017161972338877222
-0.2168537859304897
0.11740882797325818
0.07798801639567561
-0.052893316807619745
-0.007362929546717319
-0.1393297968880696
0.10434270535009231
0.17289031643942546
-0.09310842027033366
-0.042515131376435984
-0.13919195858739183
0.15026072383415376
0.18259556309471756
-0.1958358840217231
-0.06708605744687413
-0.4639895129515661
0.22592590322791395
-0.01862579818993623
0.07337021915960071
0.08347604319291148
-0.2615574820092099
-0.25204029355430224
0.12426811339012726
-0.08482100347542507
0.08516743045653655
-0.04305820473444342
-0.028010534911208165
-0.06254306967830775
0.10101413761565309
0.02930207643202161
-0.14653078887591223
0.03308436882788208
-0.17161584458098592
0.02356565414329206
0.21300248895259047
0.1022149362816371
-0.19508107255091817
-0.2941991099880504
-0.11685680059539022
-0.05753834799666853
-0.0028980105452831597
-0.3210649875561068
-0.05975946179804688
0.34287978827347426
0.22342155683592602
0.11624933648152344
-0.21170864582873486
-0.1346857839273352
0.14513275534940878
-0.061158089257200426
0.1415831117281557
-0.19562205581854492
-0.22433674495226538
-0.05175452735739219
-0.0991560955018843
0.07344037332848273
-0.18822178063889994
-0.02964651523014991
0.2566889659246241
-0.15651395190376838
-0.2065402152993207
0.2364601675414819
-0.29557496632887287
-0.25643266325762115
0.016933601453275268
0.13800179928292594
0.10012547743332188
0.307569982925643
-0.1952431877027367
0.02499159522945237
0.02671109490659826
0.32331122543715995
-0.23233301807094964
0.09971402704458161
-0.08176220095404808
-0.03448910339296993
0.24074338500128256
-0.3115307473596127
-0.21148954772358253
0.14511744269253907
0.18027434361118064
0.007484061487904221
-0.1792542414638557
0.3613580869640195
0.16376375029839985
0.2020960462348702
-0.027523265767820358
-0.437207560126828
0.18551084167042495
-0.256709012331036
0.068315500745093
-0.0650129753274095
-0.09050017666284488
-0.3390854933696677
-0.0020242121774108235
-0.3447087866804153
-0.1699364314801952
-0.15040427288819558
0.21543368465921547
0.27574642581075653
0.27186523236632654
0.15088115082385392
0.13617784515539733
-0.027726670698206262
0.13454277092718658
0.00975681711982005
-0.3522186011285407
0.017585450052744405
0.02731870415810296
0.04486467822538646
0.09359277265813512
-0.07190852176586118
0.22002773346157264
-0.3475311889233133
-0.2844790916955713
-0.04714320306122408
-0.25022645086675144
-0.0768303348099879
-0.15878200962648684
0.13119963358878686
0.16235171324445738
0.23164246335809527
0.024978370900622517
0.14153880008781167
-0.20967329518915653
-0.3379529556514625
-0.013229807536268018
0.13833157879913913
0.005555966679779306
-0.249051931704757
0.04523241285719555
0.03153269245359671
0.008226786293130802
-0.10036413237800039
-0.33109024480545435
0.2428793613303613
0.11800012280562344
-0.05910766936595982
-0.028362848127070833
0.11657139613996395
-0.00675009605614575
-0.3839847555488283
-0.2084895442781237
-0.2840645281490709
0.23524256556081477
0.10001426769742153
-0.08210434979639429
-0.04337134069689439
-0.17066180280015755
0.17918094706732257
0.1330085037533922
-0.06745365510876303
-0.3623702759324666
0.07286621171013564
-0.2727690293404563
-0.17991218879395615
0.3129792890738496
0.10601697697139058
-0.052082978836406474
-0.23750175925492176
-0.059596905428490755
0.143685813999377
-0.21030812790673595
0.05504447221345342
-0.16589518408609652
0.013634232370243244
0.07742431458610873
0.3548600616851032
-0.3628755477254106
-0.1472865214167676
0.09982327297161483
0.132864885964057
0.10873603282536344
-0.17221675961207678
-0.2408993997662917
-0.14745665863704088
0.08415078978678898
0.09860346060699615
0.13599840525364976
0.2715327758503168
0.1392293487622855
0.16310894153125285
-0.20347779290597934
-0.1346181127908762
0.2230351459679443
0.0682535712892943
0.1645570995450417
-0.0928747191090998
-0.2853772234717786
-0.15274524253205352
0.17378187801784595
-0.0512281203149847
0.24693305231542848
0.1417767044389816
0.029448392307646152
0.16513402280103193
0.2885360942227968
0.2886660165889584
0.08854399264032067
-0.2394164249987737
0.06474950673248
-0.0644274183445257
0.004445509781079113
-0.044800115553050426
-0.36032562374359833
0.10909442380816381
-0.010868254572590495
0.12647201767936317
-0.16397307646533413
-0.08416933925865785
-0.12543125525647578
0.25438999720208094
-0.32317570584505195
-0.16626875309722616
-0.20229168613579243
0.08009881414298099
-0.07515843397038541
0.07217034076690022
0.006858012267456584
0.21391087426865837
0.2755744572108115
-0.2745644309045468
-0.2695095897722253
-0.12825774021321168
0.2997982303953163
-0.130972716045386
-0.25337897055293035
0.10052979255991012
-0.10574241945948795
-0.29355405306008986
-0.23336297958196942
0.3963253054586341
0.029518338898913855
0.14715528107089296
0.022031179014232266
0.02866744342771861
0.07356864284295514
-0.328866368918079
0.0050911940193893316
-0.2189688358418724
0.0017630379068795002
0.10904909740747655
-0.2766634715664093
-0.09287124536272241
-0.2849242472582716
0.12455977022890691
-0.1922031912333865
-0.19280459116699455
0.21993410627540752
-0.153952809482029
-0.10230969701655694
0.19965626944295128
-0.3104718089514672
0.21229160799571328
-0.18964009619218067
-0.1914461100326992
0.25504863533640965
0.3576123415566924
0.12656477562789162
-0.0649960616553623
0.10074349139869168
0.041650034650384894
-0.16594108601602894
0.145799356301475
-0.03217509429179495
-0.32723624233137055
0.08608798321264012
0.28814847238415875
-0.2979672043430806
0.06654677337226106
-0.33564231250150744
-0.2779658747890186
-0.0468643343581874
-0.18059524245352068
-0.16129368543399983
0.08569460892183328
0.035528780803289056
-0.12059547964070705
0.11981679942410949
-0.09798215134732732
0.027786665983336695
0.05185709617591845
0.1008020422865689
0.10271596296551096
-0.27877738815578673
-0.133343312500399
0.013894138987701136
-0.2414194800999874
0.06954916666778616
0.12760597870579363
0.3109267342328305
-0.07119053131718621
-0.11932551919596415
-0.10907752185323151
0.08866253215543891
0.08297451490407677
0.11655959826772525
0.08654338919392993
0.21833156835149511
0.2562369773469632
-0.2324311161874039
-0.02050101167762915
0.07794247089796356
