-0.20569262848067685
-0.3272715201298164
-0.061514677758669485
0.40319974549176013
-0.07546720221010379
0.25396571130693824
-0.25597979677134286
0.05945956132059604
-0.18173130353875552
-0.18333622824430879
0.2665469834257657
0.08472038397846603
0.23250079839478954
-0.27839653716635593
-0.08265317776855613
-0.22187329234319117
0.19950472838851518
0.21919885445839418
-0.14014920995316607
0.046364246331943915
-0.11853626947451565
0.21264387372642762
0.19317590088101666
-0.0024672934119264155
0.01474808406376387
-0.1668743856269005
-0.33521011721815
0.2770287059584484
-0.23428072196709693
0.023716300205343488
-0.36424975442621765
-0.021680420838100168
0.18527311224727322
-0.11093994483680687
-0.08719661561153637
-0.04450385342335056
-0.19658237239571652
0.07361589791214498
-0.2807426338063358
0.03884184835927819
0.04894455734957636
0.061904335154193246
0.1332494107446399
-0.39880762862254027
-0.23073745069806936
0.35531602797078166
0.01627794595812265
0.06714817584408896
0.24979160836654432
-0.0732710741193303
0.11259908134204161
-0.009338348853533747
-0.0932963499109978
0.3128331122251028
0.04200394401414624
-0.1594223796092962
-0.2995241352276472
0.27128333736634025
-0.40515887051206256
0.2251327505602523
-0.34147337603500616
0.11593246351269187
-0.15005823743999064
0.14981553356895375
0.083568316923372
0.33367992686118325
-0.18630417626308443
-0.029102267075458713
0.3812103455900563
0.08485444909616142
0.28476423532224027
0.05387239513167971
0.049128881942546776
0.0944157483583404
-0.16232258336716857
0.3082716640969645
0.22380722723823548
-0.05645364782430795
0.2836506476396766
0.1562913219580444
0.05835385269379231
-0.03196315330123917
-0.0636797624217086
-0.24208108653799235
-0.14640833475446396
-0.152818696101831
-0.21547998480106262
-0.2602247754326311
-0.04995117109141789
-0.3055709509914405
0.12042292847386986
0.1802726482173509
-0.10097900609651735
-0.1584136641865529
0.1209801567238451
-0.1363222665794382
0.22473084012118447
-0.12457658273800382
-0.14748290752936802
-0.3007405156214932
0.011565795877198349
-0.008388411038072034
-0.07778667978117297
0.28993242424151616
-0.24971873991186935
-0.04416800925995853
-0.16393393790605568
-0.03734366257057104
-0.12672683603343687
-0.1382802816968959
-0.13417005499052095
-0.2102256495584356
0.16999869019593736
0.022581734480273927
0.06025603165943419
0.338870552897368
-0.025533685458785708
0.2927441390673096
-0.08897963033509587
-0.32431497620710587
-0.24096709219813311
-0.31252244992282396
0.2960594072496976
0.2673624527215759
0.3346082777924108
-0.30545108954916556
-0.1437973992436018
0.2263779149262565
-0.06268810737354542
0.10824811038497577
-0.23669563486622583
0.23788156525285342
-0.35241114809333846
-0.00341441009713301
0.2607455011504882
0.032263519189377865
-0.14573773989067562
0.24141236842627717
0.18458463432684613
-0.04014745012333733
-0.1738706621455517
0.07832314177268537
0.1345374866014482
-0.018966499430833447
-0.35992817662298215
-0.3824278013515325
-0.05402109625306351
0.1581087900749961
-0.19595314727210983
0.07830946393383394
0.35684198168687853
-0.43905074235998354
-0.2956954293383029
0.038555580469741585
-0.3041947783816867
0.19954577918734745
0.315585159234184
0.11811268093485
-0.2944708867415513
0.18352904100793513
-0.2479069773670845
-0.03448921541997156
-0.028602117248853507
0.3299562987028617
-0.1489269914474421
0.47256307734176434
-0.330099112714535
0.18596830089062716
0.14570633938007668
-0.06544543833700521
-0.1781739151971013
-0.20747147308288685
0.005102787094118185
-0.1113033966472018
-0.2985205091216078
0.13551775473806715
-0.06945596236925976
0.14528086181498567
-0.2101243104286671
-0.057673703340623536
0.40857571520600067
-0.18758060264911544
-0.20393243693155733
0.23282630425798534
-0.051831829159516375
0.2005681082560052
-0.06314029397757832
-0.1716172693455185
0.24822423188622514
-0.07517690864589492
0.13768771555521903
0.20314749441562338
0.07516494428223561
0.19823702360301648
-0.16228028161201105
-0.16247071156069876
0.18901577849184314
-0.11193890580160003
-0.1854121532764608
0.09142806606573117
-0.09812429421047879
0.14299647996423456
0.18466269412944464
-0.05716690478882051
0.10973383835348707
-0.16720560800745815
-0.17290527187576032
0.2631130596718245
-0.43029895799040146
-0.3213146819861353
0.001933649932803211
0.21030669983133476
-0.1788539700736586
-0.4743583979026235
-0.30835027762756023
0.20151792499307594
0.16004197115470956
0.08511562218432904
-0.06298045958270206
-0.07640679616220519
0.03335309703044579
0.21903008021849543
-0.11936322914671925
0.06077600194314744
-0.29024754011755804
-0.21587709395343999
-0.12742258380601804
-0.23506178002508127
-0.06075217087671944
0.3050501988505212
-0.2122965094366716
-0.32445166291367844
0.18854833637111734
-0.07466444620048933
-0.16995683039965567
-0.2780369166543936
-0.13116697441850061
0.1922806585188196
-0.3910287868289803
-0.29889543906861643
-0.010752733114108395
0.26055222716868975
-0.07145479167911203
0.14750877372666
-0.21924265661851966
0.11370429946401918
0.12413622706128093
0.11373253672622839
-0.05032464226764803
0.1520543973895416
0.15767979087405312
0.02028185398110545
-0.12632590903541005
0.15007912558775438
-0.08324752306128638
0.0382915496736045
-0.11870131457372884
-0.26117218683661053
0.08263915042082796
0.17329374391349894
0.3250984663678022
-0.41209786080656247
0.16421977105726315
-0.13226432684014966
-0.36916122553653435
0.298388123458521
-0.20682898472941516
0.09824095227604751
0.03577049026012742
-0.08199200971453129
0.27709830488413745
-0.1766681828843295
0.24345137580669043
0.22368116541579183
-0.01126946673001105
-0.3101024241579234
-0.4791238846470459
-0.0539304769679069
-0.04772669671364239
0.2732688418610568
-0.14176211337247313
-0.1270569476782885
0.09157365144293264
-0.36865876249593504
0.052815508366641374
0.07604734057011789
0.23240194413837506
0.1837907129325324
0.20192435751622587
0.2771204048849832
-0.3028669389589825
0.08859287478862389
-0.16324131557602073
-0.03343585015153554
-0.08789337926632484
-0.1664976565533242
0.09142950737675545
-0.21531282792324866
-0.2079567438073516
0.21319913448423014
0.038989432604086265
-0.13924352770561152
-0.012315905055096336
-0.37931437761072506
-0.21292212455339118
-0.013810764090413529
0.15194136889762785
0.04212790846350625
0.3202525660391052
0.18616167275505424
-0.17698911753498087
0.19408248787322727
-0.2712662905114525
-0.2842651244195471
-0.25892296479733923
0.39819944830648263
0.34936420497179
-0.22498570077432045
0.09766907950983365
0.07831216124121712
-0.11349962012335228
-0.0006725427467109147
0.0447054211806509
0.06326416010963447
0.10697555219148028
0.14725798033756676
0.20184135665848388
-0.13766002588853132
-0.02692931354756212
0.1921422225284778
-0.060195565876167624
0.09491730030073063
-0.029958222584662977
0.16548736000390873
-0.1078900916465828
-0.09038298639366657
-0.29085512042690564
-0.15182634427212222
0.13558169726465094
0.1148147637225058
-0.05516577778827511
0.21738933360117876
0.27184604644176813
-0.2098925162607384
0.16600980232131754
-0.15751457408608047
-0.2224772266047839
-0.07725319591275721
0.16867927429204763
-0.25991780490769245
-0.14057540480509859
-0.4228194525055946
0.3056823080747492
-0.1429045172363025
0.1909704580748665
0.419776235193511
0.006135322512976492
-0.20628154090590572
0.23440155436613952
-0.40071668152280243
0.13797793879303802
-0.27431872558133646
-0.2636142128622612
0.03994360141727878
0.026210624937643513
0.12391366834951821
-0.2122577059796832
-0.20312281907906635
0.22609418642300766
-0.07934141683581034
-0.21291326240544803
-0.4373533396912685
0.14197552278001183
0.3155049932063522
-0.1414386085620475
-0.23595463603333025
-0.18282653504909546
0.016544000622675616
0.14731892803829427
-0.2101089624539817
-0.2886027195796844
0.07142050475888181
-0.4264002292918866
0.026794556735445802
0.0015719038641972098
0.06489101520329117
0.022948253575832245
-0.17862901892775057
0.12242543689045886
-0.06516274138271601
-0.0014837283370638396
0.11124097462647098
-0.00745122426308646
0.13929235068414036
0.2450888890952825
-0.33277704422126514
0.381399412704242
-0.04199396325440633
-0.3006440444589404
0.0764191334622467
-0.34834271039127285
-0.24294363394316942
0.06222142831218256
0.2680652956772997
0.22104904469684805
-0.06851186687819842
0.24359754159168814
0.2908463605707229
0.028104269796854712
-0.016585463754056163
-0.07381020627500824
0.17654724585058656
0.0916249482566866
-0.006099081359475126
-0.15209894136827506
-0.20066606001734363
0.17452566765334157
0.017835154432813204
0.2772095679311882
-0.045244215802324746
0.06458248887637344
-0.34639015142197893
0.07131833350301893
-0.0013421865244744315
0.1426733821257285
0.07000894299613936
-0.1539253980575304
-0.05451505307165429
0.014537792363735777
0.20323487133127244
-0.23411828355801234
0.19105754909102815
-0.13818310671320166
-0.11611670040916686
-0.10787394377142068
0.1543111448903639
0.1474716707241955
-0.09307815797797203
-0.1943707115135634
0.22377909294947465
-0.32158061040756486
0.12058805093051543
-0.09007016928638742
-0.22724271196356574
0.11148231710256426
0.17982691188467517
0.28282467315646087
0.10167232049160954
-0.11759972946268991
-0.09232987063658937
0.2496902150820904
-0.25154900746166015
-0.3975081762304385
-0.19351390830018833
0.16901893763139136
0.14406532818180065
-0.19457537080883597
-0.2317818387633914
0.051665294515415336
0.06800432089235209
0.028383052175042917
-0.16784504687572568
0.23216961783110635
-0.3459408351244123
-0.27448082838174465
0.2904554223450496
-0.0706062482766772
-0.009685709694899793
0.41476747007113907
-0.03876570328681469
0.1735766650588458
0.33068671858365606
0.10744568370582389
0.22480705171963403
-0.3565890802044171
-0.49389612786766185
-0.1261788048491501
0.18906182016001905
0.048329745495953765
-0.09649146511774595
0.0053520223310596325
-0.0675289150714427
-0.2121886462048638
0.19934863562567537
-0.17289910516668705
-0.2268621476800159
-0.34592861594582297
-0.2393894555284095
0.14868853300336657
0.1914268411895686
0.09314865605824685
-0.18173142182146274
-0.04322039562335497
-0.3051458728102136
0.29038300717565957
0.09378528801176828
0.1480430132718654
0.048693937584418395
0.0285365538731381
-0.3136315372458239
-0.15367190937007663
0.372613802976652
0.021631501596659823
-0.19223901503654447
0.03090056984654332
0.008405243445245847
-0.046071213186078055
-0.26534793763197523
-0.16687986485244988
0.3024302719571314
-0.15140360616898396
0.017277332697546978
0.23960923083946356
-0.29034454832189227
0.35960361065143337
-0.00908869844828723
0.0703061480743731
0.08168350041708025
-0.058881530718479305
-0.03418653716697198
-0.3980909991614019
-0.027508735183020022
0.09518928926567893
-0.15381959907105403
0.07715800258686359
-0.24792273522697705
0.2459683755072091
-0.26105230512758215
0.3405332710636119
0.005167748105811706
-0.14952673724766083
-0.3569891345971681
0.36912592832191005
-0.25200939863185556
0.07474759010405059
-0.2634063381004936
0.3699862190594391
-0.18503397001938207
0.23987731940473048
-0.39752588695963725
0.002428454716042335
0.47787962761129726
0.13316793022243462
0.047019065445589356
-0.15546585157745527
-0.07706110682298853
0.0879553435491864
0.3775863304723114
-0.10851172733491268
-0.1934644996731892
0.03804168366558806
-0.10152861813431258
-0.07899013009830773
-0.052375025603063896
-0.22311129698861004
-0.26105463582274113
0.28198577855278373
0.3160450958563607
-0.12923702086255143
0.024164106652343777
-0.3295212602979229
0.25023300292391837
0.016505319160453717
0.039231278012981624
-0.0233377380509195
0.07296541691348082
0.0888587213040913
0.126124595839454
0.33335923610989915
-0.19644226474210252
-0.15042640910558036
0.43240018601620583
0.18006596142418205
0.11002046920571831
-0.03342943187457062
-0.1077965949384903
0.10694013178451325
-0.1302587544851407
0.10072632661904309
-0.3789988982005035
-0.11746711293423538
-0.09098609150944492
-0.020326804592864702
0.09194408161365994
0.16620774690333184
-0.3355234044625115
0.2726217346975702
-0.07330094366343995
-0.07178474615458316
0.31421150734195913
-0.07597697558603334
0.08551407810260528
0.5117543442037102
-0.15561238787630222
-0.013369380908885136
-0.3220293429510511
-0.33818578300092844
-0.021764289096799127
0.13915822098134026
-0.07319205871218287
-0.023279037046957374
0.18283422705498298
0.2671093967207402
-0.12122290570332545
0.14736636874173425
-0.40499416013464473
-0.45608364757139835
-0.33526815780283825
-0.2921945289941971
0.21748692895766722
0.20546798491702783
0.4495199861008425
-0.023543982990983526
-0.09166672798224622
-0.09099055254632708
-0.27024277700652233
0.09320833210670054
0.09333288142020107
0.16129093201394076
-0.26131767359374364
0.32615520411286364
0.2720017989272293
0.0997507488708988
-0.09250607419159944
0.09331072363298502
0.06789499281787077
0.16987878719504468
0.42153959153132825
0.13812050288843952
-0.013445348207605914
0.24602374731585896
-0.1361504512991354
-0.043485660713952566
-0.3351954851841228
0.10425147083242547
0.30065835369412763
0.18023631414607613
-0.10042284814530279
0.011186144045649138
-0.16057523416637226
-0.2456840450669613
-0.08749582224131322
-0.02142789205567202
-0.3575378747232834
0.2420438975241981
-0.14317735736793585
0.1814843613604254
0.08102165241365239
0.22953966424945263
-0.23633863773136082
-0.06892214408265597
-0.26835430103048935
-0.25491908235873273
0.0837371381426242
0.15193763005213773
-0.20795445544610555
-0.17265186978274547
-0.36050322026594384
-0.005541073414580999
0.31197237997638905
-0.10162317525204889
0.0383923267800677
-0.18479092713111253
-0.12555674330501984
-0.10669578834917824
-0.1457650843770775
0.1769408358728063
0.18388931967253355
0.45588389334394186
0.15708038822644962
0.18506054476691755
-0.1243707202337933
-0.11678679774538799
-0.15993755726712292
0.24976505877479577
-0.09008787536805571
0.05261647451256291
-0.5493510166960899
-0.023612007230048398
-0.2969963240882801
0.198367871542279
0.02393299091935268
-0.3654148838689126
0.07260800954065522
-0.3376298695533604
0.05990523686089095
0.26447424059106084
0.17585854759005762
0.13353757071350086
-0.01579650334737584
0.1594860825033184
-0.23456901569650115
0.22059952148969542
-0.17319527342101781
-0.1862750600581255
0.08373760998530744
0.10912777285206979
-0.047061791254543114
0.0028003714293365445
-0.27259415826156325
-0.024352501412603613
0.367331116051348
-0.18447778200301285
-0.15186450024811546
0.014537582606280538
-0.2432234541097162
0.28987137740927066
0.0941620942454517
0.06481181639911207
-0.39708062575734326
-0.2431773946966445
0.07918039756225283
0.21461783608315324
-0.005539859598980451
-0.196893911822647
0.08508152961097298
-0.16480208341381247
-0.08519845151668358
-0.0755890364706062
-0.13832477924584122
-0.47596895796726263
0.1842547808415064
0.24398269798316036
0.21110737114579803
0.37398910828797466
0.07484835260124498
0.14328010418882806
-0.35071557397551534
-0.29298180807323476
0.25063266030919074
0.18111676812599184
0.14996043727957573
-0.010891277940377446
0.00560179498823476
-0.014415999122930366
-0.18294718933610632
0.21379117169912504
-0.08167335369812216
-0.07409713699838585
0.4208561710689084
-0.2789583302500333
-0.42392458342262795
0.16642737711464517
0.22532725923699937
-0.010734421202630214
0.053797270567323696
-0.05126201413574621
-0.03850623865457627
-0.07891458453149133
-0.04396146006374669
-0.1482469985741131
-0.09796855133605405
0.0792060379936557
-0.30881415178863875
0.03895723716714881
0.009684166506243697
-0.2782012231737887
0.42122143173501114
-0.012300149304474994
0.08666442885207291
-0.2679201295597688
-0.14017891223616744
0.18357807554270109
-0.0985313072294181
0.07396132073626575
-0.23170624022606603
0.36784906679962653
0.031034646555690496
-0.01647273267967253
0.1617104814136647
-0.336314577659231
0.4174773199329637
-0.26055893119070256
0.23529292847277306
0.03848845715977116
-0.27594900467250155
0.2712709259389333
-0.020535707965580203
-0.009468477263923912
0.18474279588595982
-0.08913998492971147
0.0337657254325915
0.1302992964055163
0.26324093935649207
-0.2805764693474203
-0.3109137086442049
0.1384311967134574
-0.031137686345577655
0.3998726664508811
0.02471956656462356
-0.00048381241310693806
-0.03017208043676337
0.3548241150384532
-0.27528158322429785
0.21687805644131108
-0.39972683365066314
-0.09925367903793057
-0.19678282361151558
0.02063115828214147
-0.2729210893247522
0.39336914970742304
0.19573512703295026
-0.35082661107335966
-0.03877875958499612
0.09931515160351767
-0.314486046377229
0.01668866994798394
0.15705362863596878
-0.1406656371355432
-0.14982127244907592
-0.04133524229551988
-0.17121944954392876
-0.16099110600241812
-0.3797434992042162
0.2362736372281319
-0.06835758773665793
-0.1883531614060615
0.09064846497972433
-0.3205367165760379
-0.2294996898266884
-0.005163946238985856
-0.2822747547006344
0.18965974772706834
0.10119233361145152
0.43357395553295996
-0.21271412068832865
-0.11900290662361637
-0.3078457629493909
-0.09787406266298554
-0.06940515463150185
0.026294699548146047
-0.4779338845448125
0.23552830215209103
-0.11779614519094801
-0.13586996906098797
0.16664594913609515
0.23680692598637457
-0.32872155635509465
-0.280926873535264
0.12737755238301723
0.13358687699797503
0.22461225134647986
-0.3080871508235122
-0.26797750248059554
0.3345312453822536
-0.09041307304012733
-0.058355780594395265
-0.013371869492464123
0.33919319673276443
-0.08590590163357158
0.30661463749012535
0.3264970352537819
-0.474858636747481
0.14627063428749962
0.12585789405109876
0.06650155255183801
-0.08385229277598856
-0.055523133477551036
0.17428002410567262
-0.3746703003230984
0.009368989397228867
0.03736300410204564
-0.3295522885597031
0.07164181380725686
-0.1234648602847109
-0.011893902175038266
-0.3521597843016181
0.03142784138834473
-0.019933193698982755
0.22943472977538384
-0.05888999996771761
-0.21490166592577797
-0.16226079698214535
0.0603417733939817
-0.13565748656613907
-0.2909481344526714
0.16948802717857114
-0.3393973333880843
0.1241830866252778
-0.09377420782271802
-0.32479019923733193
-0.11889181871946274
-0.15739029384422992
0.29260276511136507
0.10484915786494545
0.24945682517853823
0.13865663826086358
-0.3770724765708634
0.042585248960073006
-0.112256097664409
-0.12009350697186179
-0.00513811959430277
0.22454761572834575
-0.054722937432351924
-0.22559362995537713
0.3816470041118983
0.24647140644890125
-0.26173594353770563
-0.0811302530253905
-0.0138662547360751
-0.17640699797914267
0.1004635170130493
-0.16365647082768794
-0.30143682943881067
-0.34464904821296294
-0.11906779304171164
-0.251889079855981
0.2546186710006004
-0.03505834278383455
0.06379722733692036
0.36053013825637537
0.00792917213840342
-0.06218014094207472
0.19600787149318283
-0.10183615332437522
-0.5600758176390909
-0.1987908603164365
-0.0594481707035381
0.21217978456749453
-0.03597424588532156
-0.4263584903215556
0.13344839602762393
0.12090858973068729
-0.12561864590850708
-0.08403412264100397
-0.17524283660226317
0.3177480210278333
0.13720638966643217
-0.34102266019299665
0.3074530412581909
-0.18823489038136168
0.12879998557976644
0.012376589161425018
-0.21362701979418733
0.17170600756551418
-0.32048835436465517
0.10570991979137498
0.27146601585454194
-0.294288881159517
-0.13726163060728058
-0.11047229215648896
-0.23332943397369643
0.003285033892059429
0.192751389842915
-0.003266060618081507
-0.13226038343403
0.010711862931788588
0.08582825581515124
-0.14328339094222153
-0.2279568081505783
-0.2713567566784339
0.14206249648029404
-0.08800882577788108
-0.04096980182425408
0.14002788599271984
-0.12582059426525036
0.039148521747516485
0.10282888756726861
-0.2854459656496739
-0.07960755594974604
-0.332582008544453
0.3782644551639406
0.1737501588968794
-0.25170255547044346
0.15564221094382097
0.12380306983090643
0.1367487156072668
-0.10826005534148385
-0.24370497527222276
-0.06770656903125144
-0.14651142368503384
-0.28050432550646187
-0.47420074558315567
0.3283322860339599
0.05646479924088484
0.2602870718637697
-0.08746340139150525
-0.14872643151162918
0.1730802176969167
0.29319752324408527
0.003909808091964886
-0.030068480095381975
0.40514677168686697
-0.12371584553631441
-0.372273697129712
0.24187732268548975
-0.025475543328405036
0.17791793420493277
-0.002655588040245667
0.13387444024848483
-0.2421860652220045
0.2798215349409948
-0.3528950879962828
0.188508753325132
-0.14646009062259047
-0.1620021822262632
0.19047996503350784
-0.0002832930737839685
-0.1344917167499358
0.07617109264609744
0.043549480240193075
-0.3371034707102536
0.1912448398543305
-0.21143868548999578
0.004327573650146032
0.11603656969672353
0.03176041288215207
-0.13923077392156671
-0.21531570525261573
-0.04997004372387869
-0.15385947743418638
-0.3496834984598485
-0.14894830811599785
-0.31458230371227586
0.3183945449835586
0.4011545567726556
-0.07884315663822858
-0.2860326583297336
0.1901557468953428
0.13431818685704539
0.4549166902261241
-0.4192765848485676
0.3669320548026977
-0.16365337227251045
0.1988079658242124
-0.18214003914987587
-0.2904441395611747
-0.20978893702639825
-0.20478289392300464
0.15989738641413123
0.28731068311523605
-0.04647561794855121
-0.46515670069430826
0.23156725287923005
0.27060112652955515
-0.13854106987456216
-0.36109885922603135
-0.048843744132300845
-0.12325870634014935
-0.19242463635411175
-0.32834636423343816
-0.09473426031249711
0.23473353910765263
0.04131753969747718
-0.14220632108121892
-0.25841275831215715
-0.19704535523505035
-0.06584774638945497
0.34987213772880466
-0.2603373682850788
-0.5227712469959114
0.0009472799502223163
-0.4231465989834336
0.353748561212343
0.052638432316216566
-0.1972123052528366
-0.22760502677215494
0.20660149075274084
-0.07213217771428296
0.33204639791604185
-0.027892995614123315
-0.26923307484255565
-0.19582880472962746
-0.1285937088865479
-0.07224951105009078
0.08247367226654893
0.025550726389186807
0.15321361702022307
0.3100566213513037
-0.10188754997893001
0.4122468232435276
-0.14865851292815066
0.2544508350223025
0.09932038364868327
-0.1718484304853484
-0.22176816748734693
0.3532570363662428
-0.12329888016546413
0.0664504834377754
-0.009215975629290697
-0.11443399290631409
0.2670050212865998
-0.12157666895906592
0.38809244382742697
-0.22474914702035728
-0.01362242202935962
0.02855254130179896
-0.45340367380904945
0.14788034941270684
-0.10764270812730828
-0.23169987952491172
-0.2409493217015914
0.41176078519515885
-0.36852046868359795
-0.3745354601307234
0.2660035227539293
-0.11584190127981771
-0.20234361198210882
-0.018858496550642024
0.32879542840262505
0.45674186266889344
-0.09017471009101576
0.015635157959066205
-0.11180000873043824
-0.014099980926276406
0.2999648133470128
-0.2671987016734056
0.10371538534562154
0.07789078579907774
-0.2139634748004029
-0.29593049069485655
-0.0801224563822234
-0.08404325717994109
-0.263217341824901
-0.011973882254137144
0.052147340605685474
-0.250750340847394
0.2099891140708678
0.16061082560233703
-0.26527983389637017
-0.28453023377968084
0.11234161931409739
0.08472628471212092
-0.28360402160228804
-0.5086133947584793
-0.02635830615259561
-0.186497724564322
0.051073860990331205
-0.10797061643913068
0.22357257142584797
0.13256277745567668
-0.030831435220040556
-0.2434298673753936
0.27405311902420726
0.25706012719683163
-0.030103199276002142
-0.0439443243223689
0.2743272263178626
-0.2985247699759062
-0.3357115944700948
-0.019531337228906546
0.056433892135646445
0.31997834578393125
0.11135854642738681
-0.06451868597393991
0.3007174849535789
-0.11810341818145074
0.05891424833897983
-0.18014444216789294
-0.3367219595771398
-0.07813088829364022
-0.04216189836345562
0.08054623445374301
0.25417934162062533
-0.1092363580825641
-0.2898784238096739
0.03157544365393523
0.0659537474511641
0.1600309586322412
0.20402573573358296
-0.1355407547403512
0.007000921155681842
0.16814460738786302
-0.12184194183959178
0.013055531092571708
-0.40014711681876974
0.13570027835640003
0.00874700747713441
-0.20982459860834393
-0.34869558503779613
-0.011509298361018402
0.017795213991505604
-0.124934466411542
-0.02760080307405609
-0.055462863468499594
-0.4301029607980663
-0.20672412222442077
-0.012469377550944693
0.12636492656629836
0.18862735132936906
0.2951283700989794
-0.08692837246370981
0.3783374809260115
-0.11302216646988315
-0.18564662941415802
0.08280816260592762
-0.010610251090451446
-0.25553148210322074
0.23995761787585324
-0.03424889700930534
-0.01064572162839442
-0.08374996682762904
0.11754242565834995
-0.027432516288491755
-0.03466097496011816
-0.5236367488924044
-0.20451296706213132
0.33092438845615474
-0.15046377663205854
0.3531739221052451
-0.30478189085197355
0.011631462504825529
-0.4836412346449923
0.17987568947780122
0.021755803532818536
-0.13469312327941282
0.1451220578297388
0.15785636439194428
0.14512281099043275
-0.12036059100038826
0.2348715363704612
-0.008182146151646509
-0.2889464607660634
0.012649571647153987
0.29047848294367334
-0.31616288432168543
0.12551224009247883
-0.24673096273377054
0.18484362536796484
0.06542259779656315
0.11758530797822934
0.18991417165015695
0.13089452717257918
0.17968112357935487
-0.11484481305116467
0.07402168666912688
-0.0099214595464636
0.33049536529611884
-0.1604012430221752
-0.04903443067290109
0.08837901156029523
-0.044429003401231716
0.19758798129700228
-0.15717918776479792
-0.0863908466191399
-0.03542022806672765
0.2992062423472362
-0.3187961596333521
-0.19430733795875837
-0.018665419228359372
0.11165132665536096
0.0612916104500673
-0.017325463580117682
-0.03386552626868705
0.028778749110544996
0.036112655395082814
-0.12215933513106443
0.3255093289747302
-0.12019312763009207
-0.32176899666567943
-0.001697670447847499
-0.17745225012357477
0.15624838186615542
-0.46518898334636233
0.10581975469046785
0.08564050575674761
0.44192832169541135
-0.1612796635561594
-0.10459211966098064
0.04525428160645405
-0.052084066499093834
0.10372641439356746
-0.27542990592220823
-0.46219718851636704
0.13205314441637692
-0.2149802181269202
0.027114050635615023
0.3288531296445129
0.2287726442628154
-0.05740518353754614
-0.20783912701466128
0.12163094405645233
0.09940092305684861
-0.1434972805740658
-0.19002798166739826
-0.21793506901685522
-0.1540122420266661
0.23995992364054583
-0.06328197787910307
0.057932736350513374
-0.1701627090864633
0.18490872505008796
-0.13248785006142114
-0.05914085766996427
-0.06255770926000316
-0.45120187074333035
0.1662798651843374
0.2660272488874502
0.12224737923069143
-0.08732256973555542
-0.33510389046378913
0.2126402194106059
-0.07315297352111065
-0.054809977957044745
0.07884835743526773
-0.1284800035312998
-0.09516561899970713
-0.2852582254307065
0.36201771295457913
-0.2742525935147635
-0.24432181433102876
-0.30790057644456564
-0.20092325239234773
0.13531584500270616
-0.31471492264844214
0.13719331884171743
-0.2705107895766886
-0.04240739257890347
0.007869761544757761
-0.06605614962990111
0.25231849071836704
-0.3542116356366991
0.2693877355881007
0.11136578765358457
0.2527947107115236
-0.058524918081498616
-0.33476374806087944
-0.14490244407835864
-0.13223738872927662
-0.11884839007625907
0.3014188416400075
-0.07520090306484296
0.036837965808145565
-0.1660985251224333
-0.2168635957083319
-0.037032144567524704
0.20026500674687256
0.12963968911621512
-0.283856031713498
0.07726956127785328
0.2247372862982269
-0.14128571872285758
0.25828414079972345
0.4119413208736545
-0.3299874279520517
-0.00908491076112898
-0.2387695903607572
0.11236693190705455
0.07189482009648579
-0.37815709882656157
-0.26289917032750654
-6.622469707677556e-05
-0.11273836440496929
-0.3563803841405548
0.22669238051333013
0.1269706837180542
0.015863260043998732
-0.32282779209533885
0.061080828003683356
0.038556246930728955
-0.09562355947783034
0.006036253879716598
0.039285933966236024
-0.2820069627640206
0.20785886494175143
0.2127185412255183
-0.07859196803973163
-0.22640240096079942
0.36767071231693443
-0.16855068819216454
-0.2707729504741056
0.34758799926294787
-0.2124059302886191
-0.21009350493959908
-0.21292682237343755
-0.15320554637206163
0.2579983881932224
0.11312228932912707
0.3516683286141303
-0.03391494235757474
-0.18732907350436898
-0.22887621372263459
0.22282243370538393
0.19770133207227308
-0.24177570241264407
0.3706837513393012
-0.32683370746796064
0.33749543183681463
-0.10927258142860184
0.3132723256623534
-0.1051816070075602
0.1779367449683692
0.1251004786602028
0.25227232892810525
-0.2307706955803249
0.1174197392743649
-0.31303463381252716
-0.16257193465233352
-0.3493637208201859
0.15290167298692486
-0.2846184321949377
-0.05782927257789113
-0.30140561141681077
0.16843334347552763
-0.2556156976580873
0.013876415784938425
-0.10640672478598016
0.2856895872375229
-0.2500497563342346
0.26279503270868576
0.03060085346916377
-0.011111910474349257
-0.18867755148871762
0.1907115001275159
0.3665971723781598
-0.014195073265287314
0.029650480441506918
-0.12429699623617292
-0.29012837928640206
0.19766353308736972
0.30760213247825724
0.00479955480272559
-0.16068739605448049
-0.28533434052972817
-0.17169666771050168
0.021667853995040374
0.04568248439576767
-0.22668303882053706
-0.2138667015222412
0.30785884580386064
-0.19670527126587894
-0.1346196671107465
-0.07300375275718281
0.17034840033223406
0.07596616618416957
-0.33744467138882717
-0.02213590021595637
-0.0819383193401036
-0.02313242400234371
0.3198310225075855
-0.2322808976195034
-0.06940656665377502
-0.014196454906479833
-0.06585322776954738
-0.05959772988430852
0.1868444867485269
-0.3231124829628857
-0.4618758404911487
-0.18179962252654203
-0.030434837098140356
0.27279338836396194
-0.42636312017701583
-0.2859263798054546
-0.16849053952621817
0.14590416675435572
-0.030408257019876293
-0.1013399639329329
0.3035150758024623
0.03762814601421186
0.052853050611766275
-0.00221062054649068
-0.15081637288523542
0.4955269160403207
0.057472876726806205
0.008858360605054922
-0.12899306090467255
-0.05034411298918678
-0.35106394836782295
-0.16192390824577052
0.013496513794016507
0.1303200797821127
0.28678461903938496
-0.1384254139342231
0.06881489077119886
-0.24139445188126776
-0.27222811473434605
-0.034063790350701874
0.0030579984402010845
-0.26285704343291827
-0.030837693472499438
0.15735653981967904
0.25555511020706045
-0.33240852240833735
-0.14024104968236978
0.17667333217048725
-0.04092233359737283
-0.35942507319761446
-0.05781056245313926
-0.11072562263036254
0.13108243163453695
0.10633348563574786
0.00781673563447593
0.28409078178789043
0.370542122725583
-0.2569076951472941
0.07506657200214045
-0.24379459533272693
0.2922761613752026
-0.1820465257917848
-0.41337889330054217
0.13375289502814006
0.014099180376583859
0.15526570953790358
0.0850262607741048
-0.13490953398126462
-0.34062013729546037
0.04294811789596873
-0.01415823419228489
-0.11237663632814572
-0.028605048520631764
0.21969228265636356
0.1787306351294298
-0.1454222847524644
0.09591872516814307
-0.3251525908950403
-0.03620269902541021
0.42803670559211643
-0.07688383865453915
-0.19678738950621516
-0.3534070090818949
-0.11104434332290986
0.053225925150355756
-0.3612301790801856
-0.14606924141121339
0.205643059975657
0.01816425730950198
-0.16291844150373902
0.019580162872191515
0.012856040102364246
-0.42562045795812686
-0.12950526693682868
0.19447204255196504
0.17443933267388922
-0.0022056905779639364
-0.024259767596893255
0.2702617831136883
-0.3312659942897932
-0.30616718759717376
0.10945961455707545
-0.26612234796552825
0.20998710565768408
0.019802693176313606
-0.16357868189714983
-0.1861579579885526
-0.027624011894470387
-0.42569763463630395
0.34642824324593413
0.092978504227561
0.18290115104350088
-0.22205822690419813
0.053519424034068314
-0.0642801248434174
-0.2490054853538522
0.15863094560416202
-0.31119426019498125
-0.05310813008406012
-0.30922077819221044
-0.20076853691821137
0.2705964384499256
0.010353957609419295
0.08986056838440014
0.07011556891473053
-0.08389398245237281
0.1185934054306074
-0.08474540621422845
-0.3573997436006254
-0.008546995812575573
-0.022245210883730774
-0.087633067250275
0.1585091509416938
0.3937887144213307
0.12314467295069319
-0.07476353440138465
-0.08783590412968106
0.10508693966941644
0.22745017773146148
-0.07472273312777773
-0.08835253829765802
-0.06153451051166257
-0.2026541906792263
0.1645413260335679
0.29184835557974453
-0.19786554256766226
-0.03061251575669514
-0.2836159212844733
0.19018422724114847
-0.0432313301765933
-0.3004043523369281
0.03304821394912136
0.3822927754568895
-0.3386903949643658
-0.1628674422420198
0.1580100131287069
-0.01264834946047837
0.3250459742190662
-0.2564288030715533
0.3035000789536268
0.05306197623156601
-0.12528328717140985
0.12406113532153015
-0.1388756561565667
0.23011727738730883
-0.13933525413791478
0.02274625988007918
0.30886371906088744
0.04270756609681639
-0.18681691117140017
-0.2038911901710274
0.12364523985321904
0.32507170365007154
-0.18989485464025554
0.18349359544334853
0.1856784948571269
-0.07369203640081268
0.026375854897384605
0.29008618066555125
-0.07328421810535354
-0.18106498082798203
0.14169287694767851
0.28684261183348125
-0.24022880905294075
0.15197405915711085
0.19862991047251052
0.35439407776869186
0.01717208127409141
0.016589747231965726
0.19057012949458885
-0.08950020618260897
-0.17078853107687633
-0.04640781406075365
-0.2287959231807657
-0.2681222367725964
-0.2625358159417912
-0.056266599394770155
-0.18519790134420325
0.2873027798877085
0.1562987283900344
0.0542406852700187
-0.19090900396900445
-0.3581694275106167
0.3229309794245714
-0.361831476154404
-0.3506236154036924
0.14975161527697414
0.0022847832559034615
-0.006199455914282684
0.031251877999337464
0.2139694067008038
-0.022921605464625364
-0.08169073662556044
-0.16768388696529454
-0.25292548432492346
-0.10390426701394383
-0.18872277507892413
0.3212925252816977
-0.3548969775022386
0.22277911720423205
0.10105722702987363
-0.3617272140837933
-0.07351583214343507
0.03808947634352706
-0.10051871289123618
0.09629342914265275
0.18787236887187736
0.26992184081729503
-0.1943427893735531
0.2837502306456985
-0.08077997720432593
-0.12350049900485043
-0.29075330362275903
-0.1030419964904658
-0.15228646267670112
-0.3748985682013853
0.07227598031277534
0.29624112756700133
0.1831330959706778
0.056994230663932104
-0.16598526178446957
-0.2060577284164614
-0.44911090388997155
0.1628964638169396
0.03365606557601627
0.30461486401477217
-0.19411581502460223
-0.30533454134169313
-0.24789650009830158
0.008330530449053315
-0.1773442941321025
0.29066792835637556
0.2895322256344874
0.013394896456670217
-0.2518447255026627
-0.26657065856076817
-0.007395903690226671
-0.1376312130417152
0.04572768861067149
0.048765409318869246
-0.15205963361611635
0.05987969987796296
-0.08652221165933516
-0.11519980991493071
0.1045137313507004
-0.14137414360945966
0.10181773730490595
-0.12593343077922686
-0.09888957162128226
-0.02528951652091272
0.04405854753598391
0.1525196963873938
-0.37830950589282714
0.05414033203544752
-0.055357506395153085
-0.028361441930015354
-0.24811650395496881
-0.2463450779409396
-0.23686689057942587
0.019573244613391085
-0.06901021983131966
-0.17769987166382814
0.06291315156645946
0.15461552676859064
0.26221414184683806
-0.18653349986234585
-0.16876692801814114
0.3539361847047147
-0.31412970870853735
-0.09259205431918538
0.09171196855058736
-0.34708112268197117
0.26176068147931864
-0.13787160069767224
-0.22643455248283295
-0.5958564948533411
0.24194169663806228
0.3212277435456846
0.23761979110060577
0.14165484193521183
0.014890804555911718
0.2624921896367659
-0.04066891365911717
0.08048651315237618
-0.21270054016450068
0.006832417221280139
0.09617099971248708
0.23860478888819003
0.133199999862945
-0.008862822830410757
-0.23214128198768716
-0.5522756973300165
-0.4294403226803282
-0.5141123629890144
-0.027732166324683657
0.26564594337800984
0.19853805879936856
0.39514215418221293
-0.16861856536191372
0.013291200200190907
-0.022157346017710012
-0.06459462424187498
-0.2862583015612833
-0.058807274805402696
-0.20844116731356543
-0.0017978782569797772
-0.030665029225140382
-0.0867175978086458
0.3199063326561284
0.19460970350897455
-0.1580159973415607
0.1862245249300066
-0.293137654865388
0.02195790060104357
-0.2394226756514557
-0.15511079234396385
-0.28252663128860883
0.19556449616310542
-0.1791077106768277
0.07056214211535733
0.1461443032264354
-0.2181462246736393
0.19986261886019152
-0.02712219823438726
-0.3335553536205175
0.16801025778521736
-0.06991726347929825
-0.29597928436916127
0.16302844978546896
-0.13568144780981223
-0.27185409244291975
0.2173301054643294
0.07107022580814963
0.10163363547953423
-0.2935030646298285
0.22380164593463997
0.13875720134050093
-0.10751481892428104
-0.16966269701502587
-0.04213255294561158
-0.3143648645555441
-0.31241152725359533
-0.026161725383280175
0.09329035455131712
-0.2007699873588835
-0.14973213735925683
-0.308119971905482
-0.1710015233383638
0.1913423226108285
-0.14200490801324475
0.14563954761925113
0.00100682072740829
-0.061112020609975885
0.2969936933328732
0.22624919670227986
0.10591748058619464
0.07175774650193588
-0.21497764298195024
-0.14701551471823543
-0.4739708103345415
-0.4158196149747506
0.22733603330174643
0.028684452193533376
0.09695143904557844
0.07685249158241537
0.007629525619230772
-0.2958920817022857
-0.04939444199391857
0.3312012001735648
0.020082687402536402
-0.2893913961770937
0.012602319739280976
0.3090438277957337
-0.1343320182508639
0.37986525609636485
-0.3598658639156342
0.23146265560226167
-0.33650657984854987
0.19096342878118475
-0.18284593797703008
-0.15659716206274832
0.163019244666466
-0.36977957362272595
0.23393446371572454
0.09447130053107093
-0.3535342408713274
-0.0808252358617273
-0.22473870619797806
0.02671493523043247
0.08715384624290931
-0.17259992054223136
-0.24511250389715697
0.002371928304210034
0.16355535747993902
-0.4641632583353172
-0.10152058736528405
-0.20673176327587472
-0.24245075585363765
0.07487072553454147
0.25798055920871593
0.24624524369740342
0.05716731877629024
-0.32418894276263205
-0.14131109753176938
-0.22079266710210285
-0.32736233648207325
-0.27561349837974414
-0.19193536297747454
-0.05621806450171705
-0.2492600412673743
-0.11382368091233097
-0.0312770954780463
0.12698836124814422
0.27766871539045046
-0.2087951843263612
-0.11366004204640957
-0.3993900145548733
-0.38071747746880585
0.14035727377040427
-0.3144558019999333
0.042050640179226426
-0.05272644586630373
-0.15187191725259708
-0.010772676576582924
0.29137675008867114
-0.14614450930206244
0.12388354191022913
0.11057385274559761
-0.15250866058300006
-0.4938811539690274
-0.14755350012832938
0.21579685707031124
-0.16225013637708066
-0.18716792128609205
0.010527398164980087
0.046383786516300624
-0.22246416860275936
0.1229906107239537
-0.09545468016137401
-0.04779447074220386
0.05344334792107849
-0.23532469029647266
-0.027035139669429907
-0.285366549855287
0.49278034655026337
0.18217405864472702
-0.07851822487442747
0.2191021193739836
-0.010339236798081637
-0.3242629488317228
-0.08540662689408425
0.20616747685273878
-0.32708518772648787
-0.47193734106767554
-0.20354472455492262
0.14391245949715223
0.2559888154208432
0.20101464825880822
0.2329659198885946
-0.04296939450184812
0.016097238992825783
0.053811633881542024
0.337188436368892
0.02491119854217923
0.15585896313009986
0.29185464449189186
0.17110402620496554
-0.09927109882130707
-0.22530923516662119
-0.26945910467652534
0.10719960939793342
0.04742312221443255
-0.08303201215556062
-0.23713246906930888
-0.05785905311025597
-0.07575241873645225
-0.08005806694160245
-0.26176658237744743
-0.04100718709315983
0.07061510115797665
0.1628798694007276
0.297526397156731
-0.030132082111485298
-0.29348041354874305
0.11128432118540962
0.4380388252367556
-0.16624065461120816
0.2914887092853603
-0.40214617874362424
0.2865994754520171
-0.46802081112003313
-0.14013373594511971
0.3059925611851045
0.18702979837046532
0.06850189875727358
0.12523034246174886
0.05211158759946169
-0.33559455421906903
0.06206684329811977
0.12030704872892457
-0.17120696833469468
0.08165534100002281
-0.22747881164952724
-0.3339520662430173
0.35983766712566434
-0.386188020914195
0.14324902996505248
-0.10317189114771448
-0.00590954924089457
0.49887960311680846
0.1018483506551832
-0.22846856042357977
-0.126381156239916
-0.17442439730115342
0.007366777785042652
0.07812772472844103
0.06547473578811273
0.2628903664981638
0.14266200665512743
0.2762449954315868
-0.3528512686795293
0.016309866253380906
-0.4069500076329446
0.37420598418045115
0.16565308683787128
-0.20207897069241917
0.043414056792464156
-0.04044446963961749
0.022341255662050613
0.14711772266590478
-0.28652962948740796
0.13067659226776066
-0.574412423638511
-0.007103790112941213
-0.11683568239017626
-0.1325624280788725
-0.10251158898583208
-0.26579254443052563
-0.3565364263996549
-0.15198562601694957
-0.04928427229243878
0.19703020562635695
0.22097833162178313
-0.14492384335296996
-0.06333332135952187
0.3458587027275821
-0.07109860346139274
-0.08784211001391364
-0.32233781944253165
-0.24653708930250592
0.1488099165363795
0.18522670206543826
-0.31610584306315337
0.17017664849332853
-0.014299822090451332
0.042431472167172905
-0.17320834465960563
0.19364278517009229
0.03805424895333684
0.06016227217321902
-0.17116056248736086
-0.09774781417240883
-0.2780591544421627
0.06368918652295505
0.07604053444952476
0.14035565061016636
-0.48460796400844897
0.0891794864805608
-0.013982217330057972
-0.03707280417267999
0.1281515339252867
0.10286411200428804
0.1225005526020704
0.08227713279174428
0.2245200735394112
-0.12056113199388181
0.14669813964927983
0.28036600692285335
-0.2289781951227919
0.1457409563224252
0.03593543535776349
-0.08426915604501621
0.301977733828684
0.30970371876737907
0.08616204123563076
0.19136005984837398
-0.12493122416451226
-0.12242821281595896
-0.031211856704959278
-0.12795186645636536
-0.40091396566798265
-0.3302754829934996
0.30633711949174697
-0.22716682510997305
-0.28194006338850913
0.09233256690399323
0.33114330599593544
-0.37702837044660364
0.08805877445679461
0.06850938880223176
0.1249209176628763
-0.3804498832150051
0.03879659201885302
-0.06313529010157178
-0.11534354556789457
0.0031567259600307467
-0.41231003137082506
0.037058044063404974
0.29483497579624385
-0.13355924301186123
-0.02745047298780451
0.13152336110296706
-0.13332049962696715
0.09057001649077333
-0.28806312172988335
0.1712817882977443
-0.13326208588270844
0.15768691375134325
-0.0018941228694304049
0.08653522410633717
-0.1956099339334049
-0.13452417903618064
0.022305393827665186
0.3151876730920838
-0.38819946379229037
-0.14314919850465208
-0.2965102480615508
0.33780315870010014
0.013636322764699881
0.3127737161707499
-0.060831308398569636
0.22786482174590386
0.12219825715239581
-0.1147847281575548
-0.07013689353778986
-0.045323092116413666
0.22978066526749913
0.21013515527345966
-0.22414321447095922
-0.025567701891034144
0.12101015010389997
-0.2705963870299759
-0.22431614638037367
-0.38873068851430015
-0.5473529284363935
-0.14931142107636622
0.12160683004761655
0.02781605454539977
0.33372195493727497
-0.25650829291850175
-0.1593010920831102
-0.2124184070443729
-0.05752722078606846
-0.13683296824726554
-0.0010530576667666977
0.27780744129799817
-0.18689922129001085
0.19534172712623535
0.05939125234811945
0.11759202903253878
-0.0005391661358020355
-0.1373913798105148
0.2329789927694216
0.1091226532168171
0.18231572686954212
0.28938776455981186
-0.13975707730065542
-0.0924381882464402
-0.41215350046416116
-0.29156160056822017
-0.3130787837628253
-0.0847591281409067
-0.007848071339076064
0.1542957982030172
0.2183674651583279
0.1354519882205568
0.19009421789135328
-0.35775831361130217
-0.07659312705666493
0.2321574230420752
-0.31275668691825115
-0.2992223931616853
-0.10919345448603424
-0.17259576231531462
0.31386256963859877
0.4708481185883774
0.014268293568316597
0.3235039764928877
0.020345606588773112
-0.4333602303944253
0.1743119324697406
-0.14038819744052505
0.057251005535117167
-0.4152859292371585
-0.016518284304523408
-0.1509086765655343
0.4079150790193848
0.27471557280725406
0.01461491879091808
0.249450014110897
-0.05778836049200863
-0.26189045505055886
-0.2536153773605534
-0.24443256447501963
-0.0846351832888978
-0.1931439494144196
0.27776811122717154
-0.07028402608493445
0.33395569950686166
-0.4907260991103485
0.026549577917506017
0.07334816756732083
0.18282828522402841
-0.12733206742222827
0.057590758861319424
0.21648238850001572
0.1502237291075642
-0.20972995813670223
0.21477038879336777
0.18111501416922
-0.36306227626359805
-0.2619830110179173
-0.0898065662648326
-0.057970261919698736
-0.13310827973921727
-0.25859738462863946
0.1069349389131367
-0.06786548838963757
-0.18911435592188122
0.324272840950801
0.029116558730785655
-0.0032394131448505678
-0.2627241708316862
0.36817320504759954
0.1967669047207576
-0.02477452332804147
0.06195051315255441
-0.0023445356876353883
0.26675632181530423
-0.25704569040833597
-0.4343088134918891
-0.48875119059803757
0.019232621262223314
0.2559917612808019
0.25252654218428594
0.17349862895338533
-0.11226319638186397
-0.26588335231888716
0.11009521139596902
-0.2371351303725751
-0.26471750043794895
0.08152768436861071
-0.07486749403139284
-0.16210832372035627
-0.27002256497187804
-0.0436487918489336
0.1574181836026412
0.14272363918483022
0.32741323826561286
-0.06291889555231132
-0.18524054015420088
0.09510160222820152
-0.13985930332778468
-0.08228975598771009
0.3532195943178839
-0.09358694035767721
0.08883900851499162
-0.0861373049171991
0.07111183714335831
0.18215297169939115
-0.3626767381657735
0.1647221387282955
0.044440891367887515
0.04017685741493441
0.12475065587867437
-0.27528507366347826
-0.4806881024527665
-0.08972141315064039
-0.34159950304704034
-0.021211710714964954
0.25565336209815626
-0.1630459237008131
-0.0089489542216373
0.3576157936303217
0.001147763659218588
-0.22831932611693678
-0.2737707526059707
-0.21576173181756572
0.2591987704972295
-0.3510640680352915
-0.39496227278760887
-0.3774854256720832
0.28058184996536906
-0.05527710649671293
-0.3163963747693315
-0.09323007167424084
-0.160735643204162
-0.11593605508002741
0.0619518303058839
0.2914070582913244
0.3469033819082882
0.164521058660146
-0.45346334385071946
0.18693213835108502
0.1556755590324481
-0.1128151069830045
-0.10568932452625449
-0.20756030091235175
-0.38651328751177705
-0.16610371907290836
-0.20606527089221377
0.269632177478039
-0.05002943079372307
-0.09185538221338364
0.036352099190576706
0.12376352737127337
0.018879973723861045
0.12140092946823207
0.446552930212371
-0.08419338893011803
-0.23860936027884352
-0.25023453980809085
0.0700894682037612
0.3419813004182654
-0.22217532881975244
-0.24096078916217356
-0.05759302932826179
0.2827656547950676
-0.11414830629298246
0.05509499721460904
0.07429613251401969
-0.33457186244017273
0.144872657027152
-0.2334552344139469
0.2586116244473507
0.056086508573767895
0.039019583361688204
-0.23871901248312732
-0.26757851273073247
-0.26669906758373735
0.301329939995595
-0.2922134152046823
-0.1802789844976857
0.2316885949982697
0.29921036101746423
-0.2642291670753428
-0.15726452057425228
-0.295480253339244
0.12283141539925674
0.0876273784903322
-0.08020282345142284
0.08152763396212497
-0.1351761137639394
-0.2512673417472731
0.3097267499202505
0.21621472275936543
0.005354068809152238
0.10018845290269796
0.05573010695257653
-0.2684274522110107
0.1132234036127993
-0.02607558095858667
0.29508030596504264
0.13156502873069723
-0.2602378977270946
-0.08999951664894171
-0.19669028366381905
-0.44594130215061895
0.14219152908288848
0.01984206864151426
0.2887751725913449
0.29343935802272236
0.07900529049161455
0.011914686772437314
-0.13499788580321664
-0.12165572679122408
0.09747345524081981
-0.06865229708183788
-0.16443919847077637
0.12510125506217562
0.0675450092880773
0.07463858225813862
0.09710278749902625
0.17296077333389842
0.11553809507003779
0.11728511138394293
0.06305746083360388
0.2990632420872402
0.26099092147629743
-0.20040484612353912
0.18309118887401682
-0.44215281916672866
-0.008139729506963133
-0.35208813317704746
0.2124926778828863
0.1662512189198297
-0.07129320800056523
-0.2783000997279049
-0.3026639667397635
-0.43692285378500917
0.23244602393876476
-0.00878320557705126
-0.14434538232272354
0.23331860903114537
0.23962351883115954
0.0446503226953821
-0.28963250339994767
-0.2691476986536075
-0.00736890700407678
-0.24485740472695816
-0.0970050018714757
0.10959903790054128
0.3026375536965175
-0.2771301827411342
0.4326768621817267
0.18343461169974945
-0.016070703096475507
-0.15409580127789393
-0.21936204398409254
0.19069701937279557
0.07585170315424697
-0.3608045883931232
0.14627904331064764
-0.29411815803603253
0.09948323506310018
0.1815359719327086
0.29076613057367023
0.13521708883388256
-0.015170067317766657
-0.13346880848599924
0.11052664229251466
-0.2711409245908708
-0.04768984423173443
0.12452319169679088
-0.22379299126485638
0.032741111079121206
-0.23605496497089315
0.1486719594744151
-0.2320540952801568
-0.07855714793595597
-0.08827657748079212
0.09121176502800131
0.15265779535401275
0.21280670564229312
-0.23567584553051082
-0.3987085506081986
-0.024072695802141275
-0.3249507110104555
0.00033134707612345114
-0.046441940769091604
0.07684435442843156
-0.10686490849008369
0.22288157696593278
0.3801616071847084
-0.07796053836959044
0.0593556352031338
0.1824451029707098
-0.2449462481299241
0.004369857287401681
0.06402267748317293
-0.06937897141879808
0.0430431933588896
-0.045832991943724706
0.038857300305401465
0.014678233593101013
-0.22245780641016888
-0.22426557011519307
-0.23783975772568042
-0.08283018763257924
0.4123703482568936
-0.26844099010474165
0.03209065168397763
0.1884592824926514
-0.2510041099337273
0.018992237270307275
-0.1405703813841998
0.11487773050072038
-0.18097232602121216
-0.19332791614861544
-0.02669455936229971
-0.05672231562237882
-0.25498370744939575
-0.06386903505106548
-0.16961947440242453
0.1123652558090604
-0.1931268201075848
-0.2277381120269773
0.06251143455189533
-0.04239882196010337
-0.2211056776220665
-0.24878116235650502
-0.3390069056099746
-0.14190320750377025
0.09278880035107151
-0.1804253648053614
0.104281841329913
0.08228637246221467
-0.3038245401505576
0.15667682194253693
0.22088809002196075
-0.04769435092456975
0.15921466115687483
-0.1933172680205015
-0.11574821545083668
-0.33670568947545515
-0.041283305365497194
-0.40117311947344886
0.32760694946035834
0.11341438937877575
-0.23123056454559643
-0.11006780988388426
0.09131747921916732
-0.003716924238698718
-0.02464738233018653
-0.4071607777572049
-0.23204713378536565
-0.23430550691859714
-0.06071348280101029
0.15562435640802352
-0.03233611373181453
0.08881661281787284
0.2157009677729905
-0.38585961107140143
0.0170772529501577
-0.11543295951065523
-0.028702495645537143
0.39789470733483207
0.18823587473334652
0.03028936427380612
-0.05024815172051758
-0.24697849941444017
0.325034541478186
-0.08367816770134878
0.16493893785928285
0.26739363372461783
-0.15875377187104112
0.1802782657710996
0.2207531817507906
0.1839887033710961
-0.1471751369000919
-0.3698898482535397
0.12426493597993081
-0.27956315256452396
-0.29859503806250054
0.14346130917928576
-0.022833818562251928
-0.008849192456001577
-0.09248513566037446
-0.15098765608183892
0.21193639093503203
0.3048856756419513
-0.17817202082111644
-0.07747908548657731
