-0.28000814331035606
0.11415972850353621
-0.2652987674279964
-0.085994882987543
-0.318160793545502
-0.15415219193126753
0.07424500837772749
0.04526712337132146
0.25079256049505577
-0.26790251626842226
0.29305241728465903
-0.19137725052312496
-0.19191016946166506
0.031221752256451806
-0.224260218187574
-0.12146503533896683
0.02717544962728005
-0.000758989116583777
-0.24665828012985824
0.021392836772509777
-0.08065003706409904
0.29057327525988724
0.05455515276539809
0.1848913480575368
0.2417524416987808
-0.09150801410891904
0.04342075687578965
0.3108927998814619
-0.3368092682595826
-0.03027637116781726
-0.13388282765090012
-0.05012507668767321
0.17522100359721904
-0.2018867374818063
0.09700514568876355
-0.15852108996516867
0.12857577106118778
0.1502196147200022
-0.08744480249944656
-0.3276384393446028
-0.11831455664422064
-0.06679070050115923
-0.057872366093913316
-0.13579684598254085
-0.0013518827305170975
-0.16165756459560898
0.23600705908440714
0.05994293846540131
0.08965438069946216
0.14447821846202585
0.12086605127223078
-0.32806168737733027
0.31952083774184886
0.021875702102769894
-0.40327379434091104
0.07490384930376058
-0.03364134576386585
0.12636572068467924
0.10950344675673458
0.22781030707492697
0.017797502082157492
0.08665050843417302
0.24006326737487174
-0.1560264133732559
-0.1363093638912337
-0.1453553473420601
0.18732893312499838
0.13050752162692816
0.07304091658540782
0.04125171089720932
0.07721496257921902
0.05482135319472133
-0.11783155469501669
0.17940852258910456
-0.28171574676193306
0.1806897273409198
-0.1399452445801916
0.1590473511930442
-0.2812267487742105
0.08075863778853949
-0.21082171360241625
-0.20707851669659097
-0.2984038223923099
-0.327224465735758
-0.3618269433169398
0.020359851054268324
0.17579450775036334
0.03229818638937267
-0.16474927573262838
0.12863327362476487
-0.27218138281549775
-0.2142239081121341
0.235161185853156
0.23055970160733905
-0.2399894184440901
-0.021849661886041597
-0.35298162571218983
0.16387427026582313
0.06500457474464899
-0.1347189929895408
0.06989702312275911
0.38238036745970355
-0.09996901979568154
0.2735588936100273
-0.17462696573873132
0.10007499634733417
-0.073461532980472
0.14179907432983738
-0.050190025751898425
-0.17448198603962284
0.053274216290672076
0.3632522636564609
-0.2774836799882703
0.0484641574618963
-0.2015544317898546
0.07761026931928063
-0.2635452928484055
-0.3255453365363286
-0.10634097535907557
-0.15503982706784875
0.17397435659979332
-0.07572027032408232
0.08839724759629744
-0.031170125345455074
-0.3576603478415692
-0.21857434281193552
-0.12970164655994548
0.1717853967670057
0.09777444781702521
0.1493847566698988
0.1932125011889322
0.09038781850150271
0.14895513787015102
-0.36477240449712
-0.039744229204577784
-0.19683933214547772
0.2772691249120075
0.13566761469092695
0.20034881127734666
-0.3073091673029203
-0.29927752367376825
0.032846432288692974
0.28770835304250575
-0.2481761261301131
0.0181387789808937
-0.23211274607792165
0.1172890213428039
-0.21245299761214206
-0.12761792730504778
0.014460935907962911
-0.018423855764480482
-0.16076530921313942
-0.22337542774478342
-0.2228502310478036
-0.02178090758184822
-0.23605151850332703
0.1893588421333378
0.01982296606615967
0.06411221104783578
0.0111165849378752
-0.09813509378986637
-0.05329227674978563
-0.20493902561259594
-0.22062450221336935
-0.054862816844638444
-0.25091510154808977
0.0809329836572214
-0.09567280021779727
0.12048449652892747
0.25852121649899074
-0.009305485943739788
-0.3495664175061304
0.0590668076847363
0.04435107677835981
-0.02690690906045863
-0.11295300774392475
0.16135287985085156
0.21286446963432387
0.02109038897787385
-0.2455319035968162
0.0013272613746122897
-0.21635906563160384
-0.34750025450224836
-0.247010777532462
0.09957145576110488
-0.030199052505796256
-0.28551393084017707
0.056148452140283966
-0.3077710555831145
-0.11376328122269314
0.18333750582868402
0.19527028914190878
0.2324008426904927
0.12001683129480221
0.24478217557378112
0.17258428525583214
0.27808431674586326
-0.004842493742983712
-0.18281888009315406
-0.05031625743888282
0.13988469303687232
-0.32961239272791293
0.07705073608598648
-0.05494981318573529
0.2528599695627322
0.12536051214324448
-0.28193382945681006
-0.21220300006382137
-0.23976598403133514
-0.10083951719254451
0.2878115683677023
-0.282882900995847
-0.3049865792782601
-0.06197998288214463
0.2075374164013854
0.1688869670558444
0.15988345510126076
0.03627458265402104
0.17416188024644488
0.26383417686637534
-0.19171537556002227
0.13540510144343418
-0.005316775381456205
0.07881503314592271
0.19762282454685878
-0.3107878001393213
-0.05180964915404102
0.2573701510237562
0.1495277269946651
-0.09074555286070152
0.08115663034666531
0.15457344292922387
-0.1832526177837957
0.16420669816179898
-0.23686408362695893
0.23903602361922913
-0.16746301217602727
0.27676149539272615
-0.15315082892432716
-0.0720984710843405
-0.09932053564139194
0.41915506106423345
-0.06387144565250719
-0.08100617111654301
-0.17451174592969984
-0.06269509995764447
-0.26071944709791517
-0.3204868023143749
-0.25994773707495505
-0.040715760310798495
-0.0693164748407831
0.10143727798391072
-0.3496745806992293
-0.20970618885087647
0.11879286607235327
0.2868304575277456
-0.29590576802724283
-0.08584190291872705
-0.1911785214960802
0.3644715561211589
0.06668233451573492
0.20114244391550123
0.1460997203126871
-0.12527449125950504
-0.04331344487193379
-0.3309622960521985
-0.35468923480469633
0.02541619663873742
0.07343985327117962
-0.2561778469017757
-0.2200452094521319
-0.1280112729203289
0.14699867756485077
-0.010824798264800452
-0.20114076118379828
0.1361591541093472
-0.30172083496297664
-0.34447603745690597
0.14011770579043442
-0.12368935692775453
-0.31579348158010456
0.0783813802952633
0.2295064524250845
-0.06025720185684934
0.17896516265998036
0.2072952952002911
-0.21690995797099882
0.18417428306963698
-0.16019377486461064
-0.17501196745318798
-0.08566142433615155
0.027265550901269586
0.22507636424394495
-0.20115148252479192
0.14506848107720843
0.06359544418098816
-0.06251020658547818
-0.31859102347025225
0.16222488988674763
0.019890616962463605
-0.15731391733424036
0.1700993102648611
0.10939741275358515
-0.028720559490885682
0.044949326524719765
0.14138587793164695
-0.2951681919359587
-0.40327997551854944
0.25442532168671494
0.2115124684757806
0.2071299189820652
-0.3890766012206557
-0.2758517331734605
-0.12092364504177859
0.029713519130959827
-0.2687045056608965
0.3420558375186507
-0.14879332073906587
-0.10291686480498202
0.056493011705769904
-0.12052527306059127
0.1706093967812707
-0.27904494211478514
-0.24331226302030043
-0.24344013552651125
-0.2018040759186748
0.14150971371221113
0.2853322830058324
0.205702013634083
-0.11169118835702306
0.16792518454666255
0.10543279832349421
0.12104147819843972
-0.11013343296188594
-0.3894104793945592
-0.040972230469858
0.015229201852974453
-0.13226824598339829
-0.0399925395261794
-0.25884291331550496
0.04541329205596998
0.08520069105617942
0.12321510210918096
-0.16731545944082568
-0.1274347058614134
0.14641953559853166
-0.33409940992723347
-0.2958881523323414
0.2037246641227679
0.11750646486033538
0.16708321371281107
0.1772601773423234
0.05933598180824983
-0.3601703146866679
0.17430152516160377
0.10071923975717054
-0.24429007012785137
-0.211139254187351
-0.19504854569045366
-0.16540880050171014
0.2411039691387957
0.03732433804242639
0.134846990656385
0.08037929504049701
-0.034658687031869605
-0.2953379522619697
-0.24281272270045204
0.042282493569635315
0.019192215562817895
0.10658787897591492
0.21631709464966734
0.1937765042618076
0.2907164468264318
-0.14777136911442607
-0.016307498575196377
0.1616892242576509
-0.11224319791983424
-0.08309273040921489
-0.2188575984031681
-0.1367968042531075
-0.17706858381848614
0.23772571679352159
-0.12066215131778195
0.05854773585488375
-0.2564077782860275
0.14351486780375142
0.3464428020846104
-0.0960849711941719
0.1377185457950864
-0.1511757897799561
-0.3201143202882945
0.23784510401714457
-0.2689004214220081
-0.23412400033767025
0.2832300258579354
-0.028318641807324362
0.3290423265001185
0.18660165041976062
-0.32276721988516216
-0.04829678109609599
-0.03930178438060258
-0.015728921453771808
-0.10796492177131188
-0.04714148414457892
0.2915890958460562
0.2815122644343107
-0.21574844326823198
0.04852749172315822
-0.14390282450951708
-0.15929122094762455
-0.05240610148399538
-0.1053250456843783
0.13577943647377225
0.24348556375394936
-0.20051582387377054
0.3125995811709628
0.059505404317713
-0.25395674849611233
-0.3593308619022213
-0.17524953890865794
-0.18085762923405327
0.06871202500344827
0.0348738500684761
0.08214827176139074
-0.230426267210075
-0.1839492057163751
-0.12302111444234068
-0.19434568115253736
-0.38134684735518437
0.23142222710890165
0.24375098720054122
-0.27909052796097206
0.21836364504980602
-0.10610366769741034
-0.2940823278125931
0.19684736181178145
0.1217298229845598
-0.2993259617827651
0.21710511123730616
0.2839680655466187
0.047381489544000975
-0.032036949965285194
0.10487183572071555
0.1143530633957876
-0.013248932674180027
-0.03220979680551765
0.24170880512059703
0.15890791793684336
0.2188675284946501
-0.23156324276216844
-0.32325368153750134
-0.03296502014935731
-0.19948930884209476
0.2250039262036591
0.10950415184918205
0.15867326329874648
-0.13830422630569011
-0.17210691728861208
-0.07035174924099996
-0.09939556945849344
0.19495523329276257
-0.222073138438904
-0.0068040688795519486
0.07033991602702415
0.06639919077599567
-0.04172610168125932
0.062240575385490104
-0.02583269603925163
-0.09528095056074277
0.03957962484280552
0.04180522862476967
0.19022102123421403
-0.13743337722094448
0.09639374275533763
-0.26106195219149697
0.29178021086133504
-0.2091748891570187
-0.061808974873781966
-0.23580728031605128
0.16243088300508562
-0.2266162897723404
0.03242725701632148
-0.17913603049853064
-0.09061010988018686
-0.18565638134622106
0.24784375325917563
0.14765809617374415
-0.1451475982057768
-0.24739390270748218
0.33556157856631935
-0.19770077016543017
0.30959360230633853
0.06734050685113951
0.23286405751915046
-0.017915603103247923
-0.20341983013532106
0.14419824307795476
-0.0211766499774428
0.24430090469280452
-0.34947444040111053
0.15862996466324555
-0.2666158569166633
-0.30447277172165854
-0.28031685183600075
-0.11234993746816156
0.048796875589010406
0.26623540481658475
-0.01792452519099636
0.12184817593942264
0.2812157349311546
0.057042854715536974
-0.23485685847832052
0.1900778857434983
-0.24827426143381037
0.3043698236536681
-0.13996977020340334
-0.08350970677281484
-0.06989268189966946
0.12353828501198538
0.020663073298524244
-0.1954970921502573
0.06162664774232759
0.03465982367784346
0.09804265149690382
-0.13372320771353802
-0.19900412350389687
-0.14928764989337392
-0.19253848511955313
-0.11173101588897733
-0.0766575467015067
0.21207569089857073
0.16160448401888197
0.0785629865780682
-0.19176000604092383
0.23607514351090336
-0.15486247606429143
-0.11701078900265463
0.18735163222655063
0.21027209776241468
-0.19138334216663946
0.0948668759951367
-0.2131166156950081
-0.11394038927942991
-0.24466299597361
0.2732153427334196
-0.022817054491809454
-0.19867752300106675
-0.20260324145379635
0.16381237700963414
0.06640100787506582
0.14220230195342423
-0.21929037962943426
-0.03977077200520707
0.0758188807060362
0.056766021617582464
-0.02591651440369331
0.18374067552003504
-0.19164466461054774
0.25954898169342233
0.2183951722744319
-0.003189018198881646
0.3196484897056653
-0.18535068432901095
-0.22763501260686447
-0.051866449468948396
-0.10674063690263116
-0.04617166641559507
-0.216263550642972
0.2594286758892649
-0.17170971686637587
-0.08547694396756596
0.051682438061355127
-0.3664840413549865
0.401585260721537
-0.09231686122745432
0.10598477017911014
-0.38949592730811017
0.3270574839600016
0.10763547831926204
-0.23418174703458425
-0.07253782560354759
0.0062830831814968055
-0.3774022461772348
-0.1702972159523559
0.24045648346634557
-0.1456990151911917
-0.026193561247880956
-0.1520095667530848
0.1683719737009528
0.1440795583417623
-0.07647903161667309
-0.0002619485170544011
0.0024351875513138653
-0.22796308300890478
0.2590523973416864
-0.1162431035269271
-0.09739351110573172
0.02760942151578197
-0.09054852710689688
0.1916471726671616
-0.14355316672998125
0.061209179076921694
0.07669396816113101
-0.16948680944387592
0.10671159354227426
-0.005135359573183372
0.15004307156700458
0.21743230117560736
-0.07707237139988596
0.24181778109219365
0.17536150340134135
0.18901298884913337
-0.35563848665112924
-0.13808678307610636
-0.31096623564171655
0.13156356948814985
-0.14173177962756295
-0.13985719077749167
-0.15580108673424495
0.07376702790078639
0.06033914513551977
-0.17035175312130124
0.1522512174162925
-0.1985114584715611
0.16827942719520392
0.1836523084675722
-0.013001242875041799
0.14877908337032933
0.22376140611755127
-0.10851448244373853
0.13677800227662965
-0.08475127500712405
0.2908354396728222
-0.15913991320529589
-0.18443408538995443
-0.16534195953164946
0.3174197512138349
0.0367041332891223
0.05189347137724886
0.06198171533120208
-0.22698581708738252
-0.012375995561834335
0.05217402952108952
0.30240214046774316
0.013770828709162217
0.08138487346601778
-0.033880256980840066
0.15932545225397068
0.28981751212183104
0.1979097995238192
-0.21041159853998026
-0.28529603216673965
0.0011613944012517758
0.12752402190041556
-0.10872213111141399
0.0891404385464799
-0.1219565199861911
-0.08638232034929252
-0.10354356709189053
0.022458302406297193
0.13293855871715168
-0.19101091511723003
0.07794450447850067
-0.13077216369306002
0.035494307157874654
0.06894045469463275
-0.2404938249403992
-0.11770486790424335
0.23228307451731214
-0.06243033913079278
0.048602029541436255
-0.12350968846017919
-0.3145417423282532
0.12280493258301327
-0.13812478837392367
-0.09058202367044242
-0.3175304070967908
0.09199163043325267
0.09454327302568026
0.10371587513305172
-0.24234942568893048
-0.10754656882359703
0.09271475487160964
-0.2534588381913103
-0.016572594690699025
-0.03327239459868252
-0.3042270316289751
-0.009474308662649778
0.14008557777147934
0.08808155995282976
-0.2227289265256601
0.3290105719154067
-0.06314737120649855
-0.291256669697824
-0.24684930973029906
0.07370132930659903
-0.0698061435596263
0.1644929005190272
0.06315901588455049
-0.05474793336054569
-0.3305702104065113
-0.03457053873424141
-0.2835212533906731
-0.14159476985928088
-0.14555713565105546
0.03527634434716644
0.31901902659993453
0.13346778181316832
-0.013505086526310267
0.1457590142907135
-0.08258991278729937
0.008572675002370342
0.2069406900127177
0.20438729813574108
-0.01826886223303626
-0.18223763216258243
-0.2434297897588157
0.04765534126072215
-0.042975114939634844
0.13699180667191185
0.2060842968695752
-0.121523114878779
0.08642260855614985
-0.1741407958213943
0.07578531177740287
-0.29256005598731993
0.16598295807484068
0.09202333903636022
0.052442292831509814
0.23321280910052222
-0.133555922860684
0.06181260609360457
-0.22164872796384882
-0.08128390755180363
0.21525917884081266
0.21319317163302168
-0.09481591067384848
-0.11385230594955327
-0.22008069676400002
-0.3437153362308446
-0.1573961482411398
-0.32735383723485617
-0.24463180659922423
0.2398052808750867
-0.35827112990270127
-0.2227337317811234
-0.025053616253813853
0.048802930316112915
0.17804482957753814
0.15406712122677682
-0.2357606699960846
0.30519090828565604
0.05917406188316829
0.08055888462556425
0.048456825831123713
0.34010232476076974
-0.06300828072775064
0.11240402747296162
-0.21644435305320847
0.06296884661606127
-0.01314225694249327
-0.006262067418080199
0.20669215555321058
0.010961111194735558
0.15204486962107464
0.21212336931443357
-0.15303683499409762
0.11391339970068697
-0.006511245135591261
-0.27301706169967305
0.09198806251322479
-0.07822833534386184
0.22307589944571543
0.1831300171998619
0.12423245310419763
0.4184580030571931
0.003601001955483207
-0.2659572829075196
-0.05779890564769922
0.12543240055375185
0.1937908693803889
0.1414965540857778
-0.10788705463689166
0.10386700495097625
0.19810028986242048
-0.2532653143217528
-0.35672366407670236
-0.16794034887258102
-0.07767233628638798
0.27848652076376906
-0.2613816870210259
-0.2670452627896369
-0.17384527594379554
0.18785971578554683
-0.12322086341827858
0.016390057567394114
-0.09793852693416842
0.19456892097430004
0.08512461313545225
-0.20958818046801486
-0.1935374703447175
0.2235698419250383
0.2528085827204689
0.030562370024670237
0.11480844272425489
-0.2985076897380915
-0.10945748388950635
-0.03244507916709308
-0.02373640547712722
-0.29394005696492875
0.31244114669000966
0.18744128224154655
-0.12540782997839442
-0.37561158295769054
0.08355540366772925
-0.06105540530270416
0.0197474138039943
0.20213266062906568
-0.04191093885011614
-0.19177225469768608
-0.31970790230217916
-0.10498958504443902
-0.1752707048844178
0.044659218277566054
-0.17785205886582298
-0.3087461760660673
-0.2324391596843708
0.26688936064115776
-0.3231778185762867
0.1260868530305973
-0.15569754953950585
-0.03512601556043782
0.11964649745166163
-0.2910400656443747
-0.00737594020748456
-0.2661579103994916
0.03745911001334546
0.00823656102076119
-0.005100169305708027
-0.018488623647221494
0.029735802515761734
-0.3129972841677447
0.17245489787977042
0.07455142769050392
-0.29044634812830633
0.08943675219373348
-0.06408105972295176
-0.20769930810622045
0.23667914922639202
0.13699317292271151
-0.17645529632809284
-0.1925729948204774
-0.3666227282572832
-0.12406043386422776
0.14923686404334305
-0.08013560401347948
0.2534510725456933
-0.12560405585270823
-0.2233038205085096
-0.10607570781956695
-0.0816795654382731
-0.25366928117722864
0.16644428971225614
0.24196526651239764
-0.16872500251221556
0.2999346614694349
-0.3222648109991177
-0.28848436102636515
-0.35412521172025063
-0.0165532205849009
-0.08813506664386034
0.05126820256728385
-0.24384985524395236
-0.05640573440797953
-0.2305208550738031
-0.044385077561743314
0.11565722036948105
-0.1776212021754683
-0.2070084040058827
-0.05557546990028832
-0.21924186815537303
0.02844414328086648
0.08056597328871684
0.2316923946832733
0.16104658404690278
0.14946597021251024
-0.05777162759064759
-0.07503359174163009
-0.0651464176709625
-0.19259939869219178
0.28163922855015083
-0.1997753142682597
-0.03979479345141964
0.28108066589391173
-0.21123934850581955
-0.13442096312883348
-0.25039069538824765
-0.3060060340158636
0.023824366287024692
-0.29076631842426554
-0.3264414818044668
0.16923810017076546
0.12785004584483434
-0.08130022743501647
0.028735769763444916
0.17013604344450542
-0.2546471409750852
-0.24720102913941103
0.18243723731477027
-0.2165039023359429
-0.2909621302944076
0.04779531659313603
0.15815707423361333
-0.0007791025834431532
-0.09597401149247396
-0.3726189909776402
-0.050200490281801645
-0.25910266375743574
-0.061648719520602475
-0.30573374865519864
0.11784577753224527
-0.29165627906492914
0.06916013482389252
-0.08144672052724511
0.06699206422402976
-0.02613549541579152
-0.11285809741583978
-0.36236961809220153
0.0485806322479215
-0.055828322557973084
-0.10953246698566593
-0.43617935612047887
-0.18245000212144183
0.186319768065882
0.2518723245789358
-0.2451522318967935
0.10081320313461782
0.10364492323075253
0.13358567046895958
-0.2833077755418563
-0.05209008866012563
0.049043534352936055
-0.10343976974576852
-0.1328417486817864
-0.19433681393278204
0.17456678638528336
-0.25314488598621626
0.21053373702763362
0.1267095265940257
-0.31480659886377693
0.14915130686379335
0.13283253706293383
0.046264834404628224
-0.18666593499040252
0.26900642931976204
0.026662370350739806
-0.03072136162009643
0.03182446200303842
0.10843923587695127
0.1594813019517121
-0.3009601529988234
-0.31665279922960404
0.20889615342509574
-0.2503150539408923
-0.162275191375209
0.09240906056155408
-0.13444498959803583
-0.1889823119804549
0.06181938498170931
0.0795048957300275
0.24107195578875118
-0.16710980098941705
-0.05565818945323134
0.2880803602307339
-0.07544480540141622
-0.09871294948018848
0.08379810311926451
0.052195753719625884
-0.14391176505412204
-0.3784747488617066
0.1986648690691215
-0.0976754236712136
0.2341865824145683
0.07557737346300171
0.17560010581066546
-0.3799748766611761
-0.1752527544617139
0.1847221896534825
0.021463837475177206
0.3240777656796525
0.05658056885277215
-0.17952336957816126
-0.1679043909996455
0.09363228594606426
0.04306924219413841
-0.2607624916963612
0.047257437549513
-0.1662341284102182
-0.2905331356644372
0.1464755299882094
-0.010454381450230593
-0.20829565866894711
-0.15582310131986918
0.024417644997325166
-0.20129939174173833
0.2831143112310323
-0.061213124802300775
0.09446122043079257
-0.08412900366621913
-0.04484453162774318
-0.0026648430093057602
-0.2385042090681153
-0.019481819097408298
-0.02691623456663912
0.17973690756878297
-0.2660795940099594
0.21276974021012438
-0.24647319177921817
0.10158067353756332
-0.0359475972179585
-0.1564958589776725
-0.41293397572264584
0.0763398364900733
0.3677509140750637
-0.19704000348717185
-0.10097017724430353
-0.16397961329118532
0.05036327546335043
-0.22099379926153073
0.035148997551275464
0.11050103835189572
-0.04244588207647434
0.16623061748753187
0.1879984508834109
-0.16540048834898835
-0.09659961791755359
-0.15092706490107446
-0.0865383787262846
-0.032578293061690806
0.06132735076108143
0.023964384823761148
0.004930614907229277
-0.12046136685227449
-0.12505435455207572
-0.2798555665017701
-0.20460121870729195
0.10192776660847558
-0.00971260832696448
0.199272965054942
-0.16613639691964982
0.036541065724650865
0.15617115516348892
-0.07493001694970422
-0.031463393676660394
-0.24238670576724314
-0.060801654049499686
0.14460355426487514
0.06327738317019097
-0.3442026925483235
-0.12398863980406526
-0.34217250002434335
0.26208368423830836
-0.3245274802284753
0.20847198059770358
0.11115782000738367
-0.22912005776676303
0.18750050222053213
0.07766082179861558
0.12568719691632058
-0.1272458086500884
0.24094662068131112
0.1340419547914152
-0.040834457664859346
-0.029909848049205674
0.020855019644882167
0.11923248307757067
-0.11971868617603278
0.09992752684956731
0.12637857196947788
-0.16197993140050904
0.0032003523506099053
0.12783773269454893
0.23823815714784957
-0.060371180025174345
-0.2902610918776405
0.18564121584518914
-0.00503562611840134
0.21722781479662923
0.29220409737300623
-0.19296081353600747
-0.028982659964317908
0.084276643291195
0.30309029051481806
0.24403826821167143
-0.18733900082696212
0.011701724930634773
-0.3816421861832077
0.07555956103681985
-0.12432555889333617
0.20318439370938599
0.26213294105337437
-0.18198753338745477
-0.048641792634176596
-0.17566342106408822
-0.07609976135575872
-0.01343044888731445
0.22414464932545777
0.10210427794552908
-0.06329930126718275
0.007228568078771208
-0.04576476840309467
-0.04544051221910577
-0.0712865810289116
-0.2458631517638469
0.11305960686171677
-0.18749166331341402
-0.41744365332656613
0.14852912898704307
-0.26202897483595783
-0.1960210317082519
-0.40540943219719955
0.37826173655977113
-0.1162427749095384
-0.16480135294764453
0.22120765418869281
-0.139329242092309
-0.08671664178969549
0.024134917935536102
0.1198605926644564
0.15018964729718762
-0.025197724996834193
0.19787502120354944
-0.0976749548040577
0.08788938483706202
0.22088464269068728
-0.09167251185404952
0.29926907852564855
-0.3414534764049317
-0.35093433442329613
0.281283244373677
0.12601943352822265
0.21775065949961764
0.1914606750720715
-0.16628610959159215
0.16017406831242378
-0.10621097531650375
-0.30372201526105996
0.053391244868878245
0.08933161839467293
0.06808505132836637
-0.011558076910821485
0.01343547435725971
-0.04657504191249793
-0.024862737723459608
-0.2477604741348137
-6.823453841081867e-05
0.3758470445692572
0.1876643776890834
0.23928080133654395
0.14223356682978341
-0.21440027250681748
-0.1923837645676784
0.24190733355387198
0.0915409304387679
-0.3854849981204205
0.3880339975738341
0.06719468620445294
0.09959901795550556
-0.1489039284780296
0.18456769359700406
-0.1807045555944257
0.10514021890443054
0.22505944575308445
-0.1601140393298323
0.2027541347475958
-0.3207309663343477
0.2889493670820293
0.0018362654474695077
-0.36816096305815144
0.174125159481322
-0.020686381016689823
0.053662019517955094
0.20311767150990928
-0.13080590383414384
-0.026050079301821495
-0.09386899536139533
0.10530733948856226
-0.15884831603053395
-0.07556813804216085
0.23567375375980995
0.06431020051884152
0.15072782466372922
0.13409350158111907
-0.25257589243092976
-0.2406990954306565
-0.061400645528238006
0.23205671353936025
-0.2118607160945558
-0.0038083140221727343
0.03597591051321439
0.052118626833136776
-0.23798374786300985
0.23547659002129648
-0.012087886340415356
0.09262678767011248
-0.30600933693774124
-0.26610994865951854
0.08858026591283007
0.0689603394095614
0.23821156248032183
-0.15489666901886429
0.2609563040170836
-0.2098726882562562
-0.05568877711056453
0.07075206082888376
-0.04739340565141311
-0.3316884331309575
0.030437618630757474
0.13101669062604435
0.08495504785707199
-0.07065449466266188
0.34675630154945636
-0.2924540003194036
-0.07575082271233187
-0.04764012238569689
0.1971175672122549
0.18433642696300484
-0.3466581394189381
-0.14686829680730398
0.01595571097713042
0.1773996857271594
-0.3357741589026045
-0.2882914579150664
-0.014539791763678252
-0.017648064504795696
0.006629656816154127
-0.014619602678108344
-0.12544829617665282
-0.31740735285502425
0.10112791835582441
0.059865123358606415
0.2873000053569648
-0.008273361467427513
0.10189364626875946
-0.19039559005784562
-0.233575405098792
-0.25718950354699743
0.05602492181257562
-0.17231152501582972
0.26441208505573116
0.008968169942711775
0.30892358814355636
-0.13479567993059513
0.03773041635726998
0.230668576316174
-0.005826406265630024
0.15613840035961196
-0.19958784155297454
0.1720525672121656
-0.15069480934144938
0.26612774700011127
-0.15327115494335425
-0.0769968119191303
0.1359829371525623
-0.3358774163291019
-0.030115862147410747
0.13155479065628567
0.05365799588038482
-0.10466010791483063
-0.017860671331687377
-0.21855771115172073
-0.2310477058233228
-0.14415454799566377
-0.33097161952769955
-0.026055534969152364
0.015689019999553386
0.06574209245684681
0.35739854736199084
-0.05153384481704935
0.2833997114861216
0.06064991694106171
0.19897525703645788
0.22855251515773423
-0.03474784876241292
-0.0001226530211835637
0.05158751614368948
-0.07730839364957459
0.28768296001635657
-0.05799548578053458
-0.17934739002192981
0.035281179037016726
-0.2584838243310644
-0.16746645738954383
-0.11035795063643107
0.3228529291641712
-0.057651378430891215
0.10425140123999298
-0.07457074265308081
0.3024366876759034
-0.052126503211378204
0.222647705937525
0.2002032466621672
0.16502973860126352
0.027062786391381554
-0.18882059449443578
0.17054522193100954
-0.243892301457876
-0.16784659122296747
0.053817901974924295
0.2788098203136228
0.17124504865291149
0.09327540221224706
-0.14115745722384349
-0.19462206646428162
0.18886535874967392
0.1176436668255583
-0.1179788456018044
-0.10164443791959446
-0.23278578868776134
-0.3799023879760606
-0.01784684600650202
-0.24819585046017356
-0.04820840809535449
0.18748501371502857
-0.06101342625536647
-0.010888570118221128
0.046930784515213556
0.2640670034083426
-0.06610333493807988
-0.12867323473915226
-0.12086210041219844
0.24061498373676019
-0.338382591012429
-0.03015890248216613
0.30036320108790693
-0.15401921205800898
0.008546136282271003
-0.3094301659372948
-0.2568060264075437
0.0914216462684672
-0.08745904923698856
0.22744983234414207
-0.07973311316463683
0.031738641686362666
-0.22418236966191402
-0.25870815827530247
0.10220251721130953
-0.24805864329960564
-0.04139425927890038
0.12927960176968556
-0.15056669254899996
0.16688999876823402
0.17779346462340084
-0.3491598388680187
0.27638721531946386
-0.1597498918388951
-0.07347927273969457
0.05160409539542428
0.11883806941946123
0.0480888917937292
0.23161852622316198
0.22786999539407993
0.04727022592191739
-0.08638784394386716
0.12471016125202956
0.3482516677494251
-0.15477640134555723
-0.33172585900427976
-0.048417540285277255
-0.053178692003781794
-0.24508009090718372
0.06620249433705035
-0.09265820556514259
0.1420984993884229
-0.18302190833361762
-0.29071405183167504
0.2501557246601793
0.07867340548570882
0.08850440956030779
0.25258056315184946
-0.2767962425929395
-0.11948397099717947
0.014448838698932973
-0.19622272988093106
0.020319616422502112
-0.2872157246672871
-0.010540080269409096
-0.33484926634346157
0.2442881952180687
0.07200695913821326
0.07719353970637836
-0.15349481078349692
-0.16421778484683378
-0.20848405472128692
-0.118317263425944
0.0527649454375757
0.010378325565595944
-0.35283126832036293
-0.053798313726831075
0.23562325955499294
0.06724499447888327
0.048084590367426794
-0.020569068110562756
-0.04034967273736354
-0.3382996302127725
-0.06661748126538648
-0.03848380918685634
0.21219781615425862
-0.26331431831330193
0.170921842194656
0.2581745928796623
-0.2278830849014928
-0.24724068809801877
0.19736248261527067
0.2916166759743668
-0.05978918769158264
-0.27794622259413326
-0.24814923168292963
0.11797697597044186
-0.29379627462222263
0.19427728221827972
0.017923888354300643
0.028639581507678875
-0.06751668852675938
0.20127943551717153
-0.21447746339727664
0.19052705196846725
-0.12830242717278287
-0.04481228650509379
-0.25286851574977603
-0.0404688872920787
0.10964344295019501
0.0263809833299416
0.14113578778490202
0.01362355641197652
-0.0651267813708043
0.1559634271288849
0.20569728969092896
0.004921806164766484
-0.0554950303308942
0.09524922209602281
0.1352841406831152
0.15946996942568467
-0.053530634505142345
0.27437542576534063
-0.31039099258357467
0.1438983851196058
0.1711984814092531
-0.2087920396975615
0.1350639902476693
-0.20670719673459004
-0.045824293631750654
0.056011087215071524
-0.08336614487828944
0.06783878938976035
0.24231942417569455
0.37251590411060403
0.05217003271410067
0.04120580757196326
0.1602152632466693
-0.158780355454336
0.1992467645728802
-0.10760156872311817
-0.17234150554176464
0.026826733972550403
0.1282881114860321
-0.01366510266834577
0.24335348630745643
-0.03612128954924862
0.2640459250684366
0.13349534325203188
0.03447322198726762
0.19693330108518717
-0.160556609441952
0.13575097311123882
-0.13150326037310947
0.048947274196098525
0.0005814196489000584
0.08742350927622039
-0.12791372485549996
-0.13216948011869797
0.01673792755826216
-0.3253911166357528
0.28095118650599504
0.19298057519951903
-0.14025892167668327
0.14160597731212277
0.09478598015396593
-0.06291041774796927
-0.20626806115974158
0.04068587132298345
-0.023936889668153924
-0.044778321704969655
0.3304756959898253
-0.006907412578612309
0.195762143586785
0.07583611212679867
0.2152898022173781
-0.24108926478583628
-0.03702953695644658
-0.3776099317078099
0.1247398044220379
-0.301457381393012
0.07073529368671956
-0.1439323314271014
-0.09999912603570979
0.012548188807375
0.06938459212150788
0.017159481923131284
-0.34861224363668025
0.20639650139004978
-0.28375353997867414
0.07961768667680137
0.2587487202059352
-0.1822587169390785
-0.041414229148106774
-0.21762022762992891
-0.2794166380696426
0.2110427435057624
-0.19478331206732222
0.06432294904821412
-0.2663839085535887
0.16088309053265473
0.009705605082511675
0.22650295414494767
0.3040791660268694
0.2640667469075199
0.08092213183198518
-0.12032960961696815
-0.22298213866864172
0.25837898020588945
-0.2023947380318185
-0.10396391704166942
-0.12585893676559098
0.12218315674768253
-0.03538644223839578
0.22841152833423137
-0.12471124053771263
-0.1442551390365219
0.08167930420197674
-0.013365627867882387
-0.045767586586188194
0.08792983666567042
-0.06964290046630668
0.11743654974689147
0.07826079564506981
-0.11194347476714042
-0.2444900862577826
-0.3169267241276416
0.2881168878779332
0.09576093667483525
-0.30276403326332774
0.24111366663967485
0.12866454641253866
0.2875554257204701
-0.12691733077771444
0.015033440067770985
0.2600661726722714
-0.19803290696913858
-0.15047914690933986
-0.20115536707407322
0.07293348255949392
-0.11906306464868904
-0.10890475197528099
-0.09288843294447767
-0.21059433462285387
0.28547544646976175
-0.0966529331201172
0.14197236490144335
0.09812863636898098
-0.1146217865973879
-0.004909702693926756
-0.05788694718645346
-0.010213121875176963
0.21997768304465032
-0.20678656918224023
0.16644824167561972
0.16243002630026054
-0.2315544672537648
0.11609171606461245
0.010483492954333184
-0.21426215874361323
-0.035772587679985944
-0.30826040505536756
0.1582389287406938
0.18613774586568968
0.1580888643468925
-0.3660281176645626
0.3126108450702638
0.13454062856986526
-0.2000657303933179
-0.2878285325523828
-0.108151426023256
-0.22442836601674385
0.20015400644296558
-0.19951493481429333
0.007477679307053976
0.3043883652697852
-0.3072113384920538
0.4013181780862208
-0.3549780259546124
0.055421241152237136
0.24400117616821115
0.1550841891252643
0.3645287648205032
-0.02949574498302639
0.18163496166333742
-0.11181369352764722
-0.03244909622869951
-0.11972187855087853
0.1806971152651041
0.16934585451622597
-0.325658881997335
-0.07077976621301087
0.04550277252371508
-0.25211772108325853
0.14240248331578928
-0.17546647232030202
-0.16389471704836048
0.022072443361868522
0.030731886324345807
-0.17085097341829758
0.33156319258054706
-0.11657458152843535
0.04289197079510063
-0.11346475620125114
0.10823338244049052
0.10292970123526989
-0.19205869042626608
-0.23732448308934512
0.14794368487293472
-0.07883242037122563
0.11522143297781712
-0.14775897029346105
0.336776410462493
0.0026414294911227217
0.16691231166534096
0.13115722894531262
0.33983629783490094
0.2340940366307782
-0.007311710506996055
0.0300472832532278
0.1612472296762939
0.02923099590332272
0.10682572076281174
-0.08790593513220939
-0.24951860926975333
0.18100488172861715
0.21646326227197307
-0.11474645789749129
0.08901411688172312
0.1072286698139525
-0.08961186986489382
0.09813987979561437
-0.0961447389021018
0.07818844135720078
0.18763944231332796
-0.28354897786073846
0.06907661522626023
0.2724769390452357
-0.10839578121579363
0.042862467391878455
0.053411720223322204
-0.17680289674346636
-0.17444642095141802
0.1171135363588332
-0.15118323370787976
-0.18101886693016622
-0.32424443291263394
0.21529464822651925
0.2504565432502718
0.27190854026109745
-0.21290132259438455
-0.1433809371667128
-0.13931213481653526
0.07828875499201789
0.18137133837086766
0.07713311761166247
-0.21658950721009204
-0.06254391026223158
-0.21927983632905254
0.22987273996680374
0.1891727959263887
-0.30675170452715916
-0.19989742566829688
0.052235022402763724
0.13586386148892096
-0.1202357655504427
-0.037606816929645924
0.005541884476396912
-0.3166069301565274
-0.03950596243807871
-0.11549130291138865
0.17561326878609634
0.19627112563063168
-0.19031083905610308
-0.256540738656617
-0.19664881846459928
-0.30010478627522486
0.0038649016095614183
-0.02192482736740358
0.14454966206159783
-0.10692130749022159
-0.037744913531089136
0.15718408390766372
-0.27623926613599054
0.07265385786361275
0.07311978825048844
0.10721203150092722
-0.3247312092818947
-0.08540626917324755
-0.16573835426599504
-0.18888454099502572
0.09477756423823708
-0.2866997174354106
0.36310057141866253
-0.04309172478986638
-0.30056397047025324
0.17781126923688764
-0.1497603753344922
0.08087248118108147
-0.04426066708645469
-0.25570982049206803
0.19330434700574145
-0.17294257650595873
0.09873395597567612
-0.3208419069770146
-0.24655253890793646
-0.2983697592215186
0.2585012712754333
-0.18065432178841412
-0.05575684788883358
-0.17127351479511443
0.014386924282043311
-0.17680318712907275
0.19182250762400016
-0.2693446191685461
0.08411817215074438
0.2637861055789837
-0.26158253641174706
0.14892334090804504
-0.2782986981980939
0.055213243327749406
0.09463786748185925
-0.3476229907554739
0.2032023146691303
-0.30269919102517145
-0.2741502263112724
0.1926262549148829
0.2218942762643446
-0.40327826345249346
0.16630133843486147
-0.2118354158327767
0.04520607331358666
-0.04639832454481415
-0.30282203313160155
-0.007990813183760888
0.22966616430999415
0.33340978139710914
-0.23990018692615123
0.22307835912263027
0.047777624923896124
0.1166597348591709
0.030926156774799558
-0.05319101038945291
-0.3165251626215854
0.31361150811719624
-0.13390718782719208
0.1681402464162515
0.04806345899022608
-0.19529745113974625
-0.28433712143048057
0.2698812066678661
-0.03266062946872746
0.3426759530232291
-0.22069413490003453
0.029501890639123625
-0.40121957717703993
-0.19528045469741617
0.16565504694792338
0.04116015961368188
-0.27895714840397084
-0.038690961518838864
0.06906862280613688
-0.09094252523246456
0.18558094482401138
0.05158033610164434
0.053939838222347006
0.118124246663486
0.10912887572278003
0.09234752962110981
-0.11071137779422431
0.008543063863040427
-0.04074786327313191
-0.11768864635999564
-0.2047574889897283
0.03547919086457958
0.06316331004815698
0.11112034510853405
0.04843087429441558
0.27309385017841603
-0.15834726991397624
0.05423602043839363
-0.13848920706678783
-0.4508864819151329
0.17731304198727516
0.11618750207104792
-0.007747858998788711
-0.11354603471449148
-0.11739906955115789
-0.36062959490515134
-0.2577444937148579
0.038728282218978075
-0.010100972526028219
-0.09151539932276624
0.031199792129105664
-0.011194100679109928
0.22629049460847253
-0.27459923097527
-0.27036639129606055
0.046270096184730825
0.022397511350108267
0.10442356527546608
-0.09787340592274184
-0.021488138806476383
-0.22272556354343495
0.26597947371515906
-0.13875836006440337
-0.08926792847598221
0.08445706714696986
-0.0104265544132814
0.06439096069309339
0.06781088633404196
-0.012247782263032036
-0.20678808282067235
0.1597307827431323
0.07570730615401526
-0.13157773887661972
0.11287946560860196
-0.04189169365772589
-0.017717703018059083
-0.23192281124528663
0.2738221990404375
0.2582585672833028
0.045582034699122316
-0.10740418529688549
-0.2476343011880867
-0.19236989399312177
-0.09476769462385913
0.04949314567813163
0.0339169118590625
0.24195345979599994
-0.14273366738404195
-0.12367734012822301
-0.06324042521072494
-0.01867153314296941
0.08539139153660624
0.1985019026879187
-0.2295048013980809
-0.020157470737928496
-0.26095400258795093
0.2274229140503358
-0.11244032288805282
-0.1139454745238605
-0.334261462737482
-0.09373168702798994
0.1366954713827752
0.0860853406939497
-0.19601208195227643
0.1839149052291846
-0.05693914225586286
-0.179544416649095
0.2669832293793958
0.31932811426897745
0.23623178593133015
-0.12151400104312372
0.14818776579650658
-0.2444818168510577
-0.16332365833262577
0.3295765744691103
-0.059901577413747964
-0.01129656697137526
0.16173478970543664
0.23059539798216097
-0.2588133719974012
-0.16916690308277607
0.13967457457095311
-0.2845152430286086
-0.09339025757079791
-0.18642284183209681
0.22901601254511558
-0.2160108723590732
0.1693101118814637
0.18480811053233945
0.08173605546320582
0.10340236055885968
-0.3652739886416223
0.06556520729648102
-0.20422437090233866
0.22476812422019712
-0.35922909293044136
-0.016157695300797553
-0.2982614474163096
0.06612925308477344
0.0928811381256465
-0.010798480869418238
-0.01177811744335195
-0.17188211933438532
0.02195903310985073
0.07770583683244534
-0.04918151864239075
0.09617489250358784
-0.060169790995708086
-0.04866881438521936
-0.0901531132147168
-0.1590364430326837
-0.013542900217916067
0.11583343837302834
0.2665107895073314
0.25209315536955557
0.01960699300838055
0.004291634985063122
0.30625037913619857
-0.1587739574295864
-0.012452020444871655
0.036707592605417436
-0.17686694472010975
-0.023338643302571654
-0.12200326525200585
-0.3190311450291435
-0.18457065971898576
-0.26090253836355565
0.1304917347850871
-0.1155886331619616
-0.36570343684389667
0.1544373241866442
0.029463242795725614
-0.18029475104222753
-0.10832843005735573
-0.18591865091349877
-0.22675406445114082
0.18922019825204578
-0.16031556597145666
0.20552415217529402
-0.0516169464622399
-0.23819603512243592
-0.22324811613205664
-0.1482326912263157
0.28555877667674373
-0.28284922852611055
-0.0670658329166456
-0.26215336501334524
-0.11311437473629021
-0.2469325595878735
0.2745730548097937
0.09255329680343476
0.2483877879313077
0.16673403832991324
0.009631090780267408
-0.15043198038959135
-0.044618397732063685
-0.06780492320158418
0.2724697654619021
-0.4001976091252172
-0.08256523342477907
-0.19938869522547986
-0.13933931537424962
0.1621699268799644
-0.16283953559989903
-0.11450788089435733
0.03370467050400951
0.20723240899232143
-0.17220560801908638
0.1306288199749434
-0.22520608062504358
-0.022265693170887155
-0.3426626327615276
0.07704224934515608
0.0340290760364083
-0.3817673784699042
0.265085705150622
0.032135583532399745
-0.30767819475884667
-0.07422221556997519
0.15502572962074643
-0.03395113243984745
0.2635951144112363
-0.2956898161848459
-0.09636669279438259
-0.36122346268031935
-0.16911575113393712
0.08132113479860197
0.17370325779587648
-0.29851709287827216
-0.22571496646704747
0.291098515565579
0.10855064957910558
0.21268016827499317
-0.017950507362398668
0.04571438298846203
0.06628403929030609
-0.07374627748849
0.12496607769418984
0.11318039883636376
-0.11737416444727738
-0.08415766613595434
-0.13531022217500835
-0.09373107130617131
0.24128713628771928
-0.1594177139104313
0.16897981028431808
0.21869566746781516
0.19344226684504476
-0.279876880013033
0.24321734424977268
0.10834236079242933
0.2464850545081679
-0.02780973284000947
0.10361111304466135
-0.09533647687092471
-0.15160694491023624
0.3389040860314738
0.1048515905846237
-0.13649028680577205
0.15477405552760223
-0.002056821172023577
-0.21501214525531928
0.259924524772042
-0.1646868357206582
-0.17145701489742504
0.09616698189942284
0.045081447611124245
0.1891891394957928
-0.10676014310059025
0.22844980707494067
-0.02766573999475212
-0.005180891145543591
0.013833429758848648
-0.31195416158641526
0.07633587177800469
0.12160303866803708
0.07794524649102669
0.0964103891682318
0.3055525216998698
-0.06949156115543532
-0.02537655704619397
0.015603176914992498
0.010899800338342133
-0.04067207560485738
-0.07154173525187106
-0.3309426290700553
-0.23531016027706309
-0.16079854801645613
0.07687332662808304
-0.06726550571526216
0.3212521433978894
0.25289353560995553
-0.08224662261873797
0.2043703250889346
-0.2581235870881521
-0.04598506473606705
0.0942532147076687
0.10232170312004205
-0.31669002230128124
0.03565037235969022
0.05653192420364235
0.027766189911085412
0.14751414529201762
0.27621525909629496
-0.2918110282871617
-0.20374021210785673
0.3466112464828186
0.2687077780691174
0.2764898987190101
-0.2609049624717143
0.10872377723583611
0.036639497881442905
-0.3507629397918779
-0.07179827249886703
-0.02727843212458725
-0.43227049381842614
0.21360354893595576
-0.22857792329911344
-0.13496603682800212
-0.14488330721641948
0.279448063977489
-0.17304306612649842
-0.19963134909689592
-0.061294673498818626
-0.20344103116923962
0.10692120054281588
0.2477299309721233
-0.27966757263257297
-0.018909946691037228
0.2321952287735501
0.07274802565089505
-0.13796871979075553
-0.025651972635044304
0.18122536736952055
-0.05305463669535175
0.18997485627491523
-0.12973706644817332
0.004161068543411353
-0.1717183288811311
0.06529445423954873
0.3051141842966438
-0.1779014703049155
-0.19114301915622345
-0.16868586664778487
0.1428601920756462
0.014453111552230762
-0.0014328656459125873
0.1355095748057231
0.11994659174152811
0.03723652782862317
0.22139501050911717
-0.0012328999962365201
0.12051480875306049
0.025471669136409313
0.08453762035190515
0.10208680935695261
0.05622747486578539
0.13861752759802662
0.2623157050323827
-0.3298295691905005
-0.13486583880383796
-0.09141225989088676
0.08497234925573792
0.0030508472203588967
-0.12620665070872963
0.0702142030074248
-0.01009781590616196
0.03832720739268907
0.18230661254760727
-0.09815183982884705
-0.08684212066887137
0.22019790017084528
-0.14278137716976244
-0.11359635640243544
-0.016068681964004888
-0.15234615352002354
0.06399295664079528
0.013996896718388791
0.17559397045541283
0.2760143844638607
0.11252517419537936
0.09135967779792252
0.08088103068547657
0.12194769453310213
0.1578946393464711
0.15854360586414168
-0.030679499275136232
-0.2722162120624726
0.15341614970883805
0.11338492624775663
-0.11484952203822751
-0.2953165185323387
-0.32649955397288677
-0.23926155735247734
0.15888148295970064
0.13630717428750627
-0.2682295079220964
-0.3569577280596902
0.0597625520817167
-0.07039081676797684
0.2935366882854699
0.008770538523482982
0.19153703519887125
-0.10198058073110111
-0.21618926427957705
0.1924899983611758
-0.018834836571366857
0.05385838351539075
-0.18259820302856294
-0.025929824637734154
-0.28546318395984366
0.18261986122869572
-0.24083047126564602
-0.10944591281238772
-0.2973964836864808
0.27842333428263044
-0.34234280349743523
0.18255228434905277
-0.08558164235988178
-0.36048135114008956
-0.1001546172031284
0.11549123254848005
-0.04458968938396568
0.10709448884637573
0.06353577768037186
0.15758269705712455
0.10737839906650663
-0.20899172691757442
-0.1623257865771644
-0.25481544876890966
-0.2106892545298538
-0.0075199662651943945
-0.20656247472026548
0.15207571158242908
0.09116684795072202
-0.09768516264857713
-0.005970229668507814
-0.12005489520202842
0.13279273361741945
0.17663168587546335
-0.0992498826189756
-0.03276970409951253
-0.1321125110334073
0.16423853370638405
0.19056493413397088
-0.20274583564468027
-0.0986437212689404
-0.36991553857164333
0.2430799992537014
-0.011857304920594797
0.06759717230339261
0.06824033572542353
-0.28812006771085386
-0.26287974202042025
0.12729061085281318
-0.08952039314769866
0.06265075121722732
-0.040875950112604864
-0.07233035986111243
-0.05428249125444088
0.16108338675935402
0.033161917489143176
-0.1255296300012012
0.0722871761783011
-0.16189149370759162
-0.028002710721104693
0.20302050820972928
0.07911063903329456
-0.20854098556815215
-0.27768827861048495
-0.12736386653769127
-0.0216503005722758
0.002501333397814656
-0.2862469059295236
-0.06220987303399715
0.30727680867506196
0.2330947770739452
0.10450776463031465
-0.18925168209809182
-0.11083638994376623
0.17883154286150935
-0.0713257105544816
0.11974118033447943
-0.1856358018079937
-0.22251954863259105
-0.032734299479357895
-0.11987789116138542
0.04368262701147225
-0.20929342756739128
-0.03521615271642304
0.2576739016486896
-0.1515355147467134
-0.15886476038691844
0.2138400670148065
-0.2900614129261325
-0.23501529188742262
0.02705408004498937
0.09467219802066734
0.09778579607835199
0.28531331483162353
-0.19115418499284656
0.02629773192722055
0.04945522452137333
0.28665886449948313
-0.22539189570150409
0.07487704685520821
-0.14418094595922237
-0.006929181742823763
0.24242729005625724
-0.2988556751864729
-0.17729102218843928
0.15281643116572632
0.16756785398798577
0.017253608103802106
-0.17533338463368725
0.33490805508218646
0.17224906493014466
0.1536172527944472
-0.013707283201588906
-0.4228445038484286
0.16458227927663255
-0.22343926802469197
0.08441938687489156
-0.049412220714299175
-0.07845699371035726
-0.33005498632426045
0.04473195454824628
-0.33553427908232114
-0.17783786294519022
-0.14140138595353344
0.23637537983126358
0.2438068641629908
0.23352058883148596
0.17007435004647403
0.13634401153540032
-0.025877341094840238
0.15402252837866373
-0.03261369588294732
-0.35381736121912155
0.04154583989864515
0.054327772979067664
0.054466433908235024
0.10140599643198366
-0.048868152560079293
0.20196490868649442
-0.3269441218273768
-0.2794301342686885
-0.08864919339182417
-0.21839967469570823
-0.07616904432647531
-0.15690636426250637
0.1299608366702604
0.17416971451221577
0.2206345980983506
0.016454201082124455
0.1315675744253693
-0.18057535107360687
-0.3216519171450234
0.008161568742264569
0.13036761613237183
-0.037469358943671933
-0.22433776399965305
0.07084443044854337
0.01494853274786625
-0.0027223559646232013
-0.07974959271588847
-0.2983980739979626
0.18866366218620118
0.15278671170256233
-0.051133871456539484
-0.023393934285810995
0.10769600538108444
-0.011769405349658127
-0.37620999057105936
-0.2047899831225139
-0.24898883331089972
0.23832200785248267
0.043367822864396645
-0.08742136194178793
-0.03680027311963156
-0.17367636148667936
0.1679716331805045
0.13402243979916603
-0.03512113844795095
-0.34378668362721
0.0644609977265365
-0.2693514702295483
-0.2069831473077538
0.26529364187282767
0.12443113275369182
-0.02829969768645851
-0.21580399793713584
-0.047001787862444744
0.1581099620851877
-0.1983126927873484
0.03865472119153933
-0.1495592431073389
-0.031003320820822876
0.11119218848528835
0.3300247219248346
-0.32734624137604457
-0.1437353245560959
0.10528317378627103
0.12056281708966289
0.1290301251420567
-0.13932049867584692
-0.24198132010082585
-0.11292229210184766
0.09608050123171508
0.06661299238471488
0.114552790000798
0.26275997283919666
0.14263954474474422
0.18094488220859958
-0.20751457479710755
-0.10667301933359406
0.210901475120544
0.12321901820515313
0.12043540039147131
-0.08081115446036992
-0.2587571448544389
-0.17277941854798304
0.17397085285759437
-0.07102275854280235
0.23009319896198402
0.1218763162359813
0.024427891485185167
0.18041960368067292
0.28574377756440683
0.28663619797451917
0.09055660190057127
-0.2320222485725756
0.05565710157604224
-0.04410644506577114
0.027925759235048
-0.05330390383270916
-0.3301594033704771
0.0856499903539945
0.01790815704497007
0.11168340913605425
-0.18217339683118391
-0.07120567620415137
-0.07799129084361278
0.24623430844672614
-0.3176595201019615
-0.17437302059953563
-0.15646633913059452
0.09783090147319767
-0.10455165168657092
0.07343899546773079
0.005140383300114564
0.19994162486284867
0.27157733685610225
-0.2694605970520978
-0.2620505935289289
-0.12363260290090528
0.23818062806907508
-0.10456634131443548
-0.22951856517908797
0.10804659891382251
-0.11056151986734462
-0.29999702915888404
-0.23755622647438807
0.3623176396401825
0.053298918876361394
0.12530100938771266
0.053400980577373296
-0.016110205611323012
0.09649094820504256
-0.3210717497643499
0.011783462618845225
-0.2095270140125917
0.010327767864625382
0.1088161128861764
-0.25917825021601487
-0.0949381455626682
-0.2763003508752749
0.0689134632279141
-0.18018119609312785
-0.1896983169750068
0.2134079187115823
-0.14588869824161424
-0.07704756616944264
0.19122773858298467
-0.2915574672600289
0.21550359678741315
-0.16337881611818458
-0.1890543769881606
0.2683645885504227
0.33902885092752527
0.10443371063019037
-0.03713511312114895
0.09159974443016312
0.020621735673228794
-0.1517642964367545
0.11211394760478159
-0.053500260075387523
-0.3011796129646109
0.06893651854072795
0.27271756606149855
-0.26727629097341765
0.08397842888371049
-0.32531316173538366
-0.2832417434460203
-0.03314346083615997
-0.15801330636804015
-0.170909579560377
0.07813786218565635
0.06170983833486685
-0.11553581941033651
0.11062448023201611
-0.09434353737270312
0.011446095514239092
0.06076538039441704
0.09053739548810019
0.11284256271814155
-0.26195927503276234
-0.14736812907241023
0.012339495757910586
-0.23103234368693046
0.06021453633234078
0.1317035284090781
0.2964218564396791
-0.06026694870186307
-0.11960266819058837
-0.11897643871427492
0.0636750141209391
0.10331948626562434
0.07903969529775492
0.10241331542878045
0.21055148547506886
0.2465228414593559
-0.23859812313879475
-0.020798965373694567
0.07509894458137358
